1,1,1273,569,64,75,1,-1,-1,-1
1,2,1117,442,84,58,1,-1,-1,-1
1,3,1536,234,40,34,1,-1,-1,-1
1,10,1453,223,23,19,1,-1,-1,-1
2,1,1274,573,65,74,1,-1,-1,-1
2,2,1121,442,84,58,1,-1,-1,-1
2,3,1539,235,40,32,1,-1,-1,-1
2,10,1454,223,23,19,1,-1,-1,-1
3,1,1276,577,65,74,1,-1,-1,-1
3,2,1125,443,84,58,1,-1,-1,-1
3,3,1542,236,40,30,1,-1,-1,-1
3,10,1455,223,23,19,1,-1,-1,-1
4,1,1278,581,65,74,1,-1,-1,-1
4,2,1130,444,84,58,1,-1,-1,-1
4,3,1546,237,39,29,1,-1,-1,-1
4,4,1508,384,248,70,1,-1,-1,-1
4,10,1456,223,23,20,1,-1,-1,-1
5,1,1278,585,65,75,1,-1,-1,-1
5,2,1134,445,84,58,1,-1,-1,-1
5,3,1548,238,39,29,1,-1,-1,-1
5,4,1501,384,248,70,1,-1,-1,-1
5,10,1458,224,23,19,1,-1,-1,-1
6,1,1278,589,66,77,1,-1,-1,-1
6,2,1138,446,84,58,1,-1,-1,-1
6,3,1550,239,39,29,1,-1,-1,-1
6,4,1495,384,248,70,1,-1,-1,-1
6,10,1459,224,23,19,1,-1,-1,-1
7,1,1278,593,67,78,1,-1,-1,-1
7,2,1143,447,84,58,1,-1,-1,-1
7,3,1552,240,39,29,1,-1,-1,-1
7,4,1488,384,248,70,1,-1,-1,-1
7,10,1460,224,23,20,1,-1,-1,-1
8,1,1278,598,68,79,1,-1,-1,-1
8,2,1147,448,84,58,1,-1,-1,-1
8,3,1554,241,39,29,1,-1,-1,-1
8,4,1482,385,248,69,1,-1,-1,-1
8,10,1461,225,23,19,1,-1,-1,-1
9,1,1278,602,69,81,1,-1,-1,-1
9,2,1151,449,84,58,1,-1,-1,-1
9,3,1556,242,39,29,1,-1,-1,-1
9,4,1475,385,249,69,1,-1,-1,-1
9,10,1463,225,23,19,1,-1,-1,-1
10,1,1278,606,70,82,1,-1,-1,-1
10,2,1156,450,84,58,1,-1,-1,-1
10,3,1558,243,39,29,1,-1,-1,-1
10,4,1469,385,248,69,1,-1,-1,-1
10,10,1464,225,23,20,1,-1,-1,-1
11,1,1278,610,71,84,1,-1,-1,-1
11,2,1160,451,84,58,1,-1,-1,-1
11,3,1560,244,39,29,1,-1,-1,-1
11,4,1462,385,249,69,1,-1,-1,-1
11,10,1465,226,23,19,1,-1,-1,-1
12,1,1279,615,71,85,1,-1,-1,-1
12,2,1165,452,84,58,1,-1,-1,-1
12,3,1563,245,39,29,1,-1,-1,-1
12,4,1456,386,249,69,1,-1,-1,-1
12,10,1466,226,23,20,1,-1,-1,-1
13,1,1279,621,71,85,1,-1,-1,-1
13,2,1170,454,84,58,1,-1,-1,-1
13,3,1566,245,39,29,1,-1,-1,-1
13,4,1450,387,249,69,1,-1,-1,-1
13,10,1468,226,23,20,1,-1,-1,-1
14,1,1279,627,71,85,1,-1,-1,-1
14,2,1175,456,84,58,1,-1,-1,-1
14,3,1569,245,39,30,1,-1,-1,-1
14,4,1445,388,249,69,1,-1,-1,-1
14,10,1469,227,23,19,1,-1,-1,-1
15,1,1279,633,71,85,1,-1,-1,-1
15,2,1181,459,84,57,1,-1,-1,-1
15,3,1573,245,39,31,1,-1,-1,-1
15,4,1440,390,249,68,1,-1,-1,-1
15,10,1470,227,23,20,1,-1,-1,-1
16,1,1278,639,72,86,1,-1,-1,-1
16,2,1184,460,83,57,1,-1,-1,-1
16,3,1576,246,40,31,1,-1,-1,-1
16,4,1434,390,249,68,1,-1,-1,-1
16,10,1471,227,23,20,1,-1,-1,-1
17,1,1277,645,73,87,1,-1,-1,-1
17,2,1187,461,82,58,1,-1,-1,-1
17,3,1579,247,41,32,1,-1,-1,-1
17,4,1428,390,249,68,1,-1,-1,-1
17,10,1473,228,23,19,1,-1,-1,-1
18,1,1277,651,73,88,1,-1,-1,-1
18,2,1190,462,81,58,1,-1,-1,-1
18,3,1582,249,42,32,1,-1,-1,-1
18,4,1422,391,249,67,1,-1,-1,-1
18,10,1474,228,23,20,1,-1,-1,-1
19,1,1276,657,74,89,1,-1,-1,-1
19,2,1193,463,80,59,1,-1,-1,-1
19,3,1586,250,43,33,1,-1,-1,-1
19,4,1416,391,249,68,1,-1,-1,-1
19,10,1475,228,23,20,1,-1,-1,-1
20,1,1276,663,75,90,1,-1,-1,-1
20,2,1196,464,79,59,1,-1,-1,-1
20,3,1589,252,44,32,1,-1,-1,-1
20,4,1410,392,249,67,1,-1,-1,-1
20,10,1477,229,23,20,1,-1,-1,-1
21,1,1275,669,76,91,1,-1,-1,-1
21,2,1199,465,78,60,1,-1,-1,-1
21,3,1592,253,45,33,1,-1,-1,-1
21,4,1404,392,249,67,1,-1,-1,-1
21,10,1479,229,23,20,1,-1,-1,-1
22,1,1275,675,76,93,1,-1,-1,-1
22,2,1202,466,77,60,1,-1,-1,-1
22,3,1596,255,46,33,1,-1,-1,-1
22,4,1398,393,249,67,1,-1,-1,-1
22,10,1481,229,23,21,1,-1,-1,-1
23,1,1274,681,77,94,1,-1,-1,-1
23,2,1205,467,76,61,1,-1,-1,-1
23,3,1599,256,47,34,1,-1,-1,-1
23,4,1392,393,249,67,1,-1,-1,-1
23,10,1483,229,24,22,1,-1,-1,-1
24,1,1274,687,78,95,1,-1,-1,-1
24,2,1208,468,75,61,1,-1,-1,-1
24,3,1602,258,48,33,1,-1,-1,-1
24,4,1386,394,249,66,1,-1,-1,-1
24,10,1485,229,24,22,1,-1,-1,-1
25,1,1273,693,79,96,1,-1,-1,-1
25,2,1211,469,74,62,1,-1,-1,-1
25,3,1606,259,49,34,1,-1,-1,-1
25,4,1380,394,249,67,1,-1,-1,-1
25,10,1487,229,25,23,1,-1,-1,-1
26,1,1273,699,79,97,1,-1,-1,-1
26,2,1214,470,73,62,1,-1,-1,-1
26,3,1609,261,50,34,1,-1,-1,-1
26,4,1374,395,249,66,1,-1,-1,-1
26,10,1489,229,25,24,1,-1,-1,-1
27,1,1272,705,80,98,1,-1,-1,-1
27,2,1217,471,72,63,1,-1,-1,-1
27,3,1612,262,51,35,1,-1,-1,-1
27,4,1368,395,249,66,1,-1,-1,-1
27,10,1491,229,25,25,1,-1,-1,-1
28,1,1272,711,81,100,1,-1,-1,-1
28,2,1221,473,71,63,1,-1,-1,-1
28,3,1616,264,52,35,1,-1,-1,-1
28,4,1362,396,249,66,1,-1,-1,-1
28,10,1493,229,26,25,1,-1,-1,-1
29,1,1271,718,82,103,1,-1,-1,-1
29,2,1223,474,70,63,1,-1,-1,-1
29,3,1620,265,53,36,1,-1,-1,-1
29,4,1355,395,242,66,1,-1,-1,-1
29,10,1495,229,26,26,1,-1,-1,-1
30,1,1270,726,84,105,1,-1,-1,-1
30,2,1225,475,69,64,1,-1,-1,-1
30,3,1625,266,54,37,1,-1,-1,-1
30,4,1349,394,234,67,1,-1,-1,-1
30,10,1497,229,27,27,1,-1,-1,-1
31,1,1269,734,86,108,1,-1,-1,-1
31,2,1227,477,69,64,1,-1,-1,-1
31,3,1630,267,54,38,1,-1,-1,-1
31,4,1342,394,227,67,1,-1,-1,-1
31,10,1499,229,27,28,1,-1,-1,-1
32,1,1269,742,87,110,1,-1,-1,-1
32,2,1230,478,67,65,1,-1,-1,-1
32,3,1635,268,55,39,1,-1,-1,-1
32,4,1336,393,219,67,1,-1,-1,-1
32,10,1501,229,28,28,1,-1,-1,-1
33,1,1268,750,89,113,1,-1,-1,-1
33,2,1232,480,67,65,1,-1,-1,-1
33,3,1640,269,55,40,1,-1,-1,-1
33,4,1329,392,212,68,1,-1,-1,-1
33,10,1503,229,28,29,1,-1,-1,-1
34,1,1267,757,90,116,1,-1,-1,-1
34,2,1234,481,66,66,1,-1,-1,-1
34,3,1645,270,56,41,1,-1,-1,-1
34,4,1323,392,204,68,1,-1,-1,-1
34,10,1505,229,28,30,1,-1,-1,-1
35,1,1267,765,91,118,1,-1,-1,-1
35,2,1237,482,64,67,1,-1,-1,-1
35,3,1650,271,56,42,1,-1,-1,-1
35,4,1316,391,197,69,1,-1,-1,-1
35,10,1507,229,29,31,1,-1,-1,-1
36,1,1266,773,93,121,1,-1,-1,-1
36,2,1239,484,64,67,1,-1,-1,-1
36,3,1655,273,57,43,1,-1,-1,-1
36,4,1310,390,189,69,1,-1,-1,-1
36,10,1509,229,29,31,1,-1,-1,-1
37,1,1265,781,95,123,1,-1,-1,-1
37,2,1241,485,63,68,1,-1,-1,-1
37,3,1659,274,59,44,1,-1,-1,-1
37,4,1303,390,182,69,1,-1,-1,-1
37,10,1511,229,30,32,1,-1,-1,-1
38,1,1265,789,96,126,1,-1,-1,-1
38,2,1244,487,62,68,1,-1,-1,-1
38,3,1664,275,59,45,1,-1,-1,-1
38,4,1297,389,174,70,1,-1,-1,-1
38,10,1513,229,30,33,1,-1,-1,-1
39,1,1264,799,97,129,1,-1,-1,-1
39,2,1245,488,61,68,1,-1,-1,-1
39,3,1669,276,60,46,1,-1,-1,-1
39,4,1291,389,167,70,1,-1,-1,-1
39,10,1515,230,31,33,1,-1,-1,-1
40,1,1263,810,99,131,1,-1,-1,-1
40,2,1247,489,60,69,1,-1,-1,-1
40,3,1674,277,60,47,1,-1,-1,-1
40,4,1284,388,167,70,1,-1,-1,-1
40,10,1517,230,31,34,1,-1,-1,-1
41,1,1262,820,100,134,1,-1,-1,-1
41,2,1248,491,60,69,1,-1,-1,-1
41,3,1679,278,61,48,1,-1,-1,-1
41,4,1278,388,167,70,1,-1,-1,-1
41,10,1519,231,32,34,1,-1,-1,-1
42,1,1261,831,102,136,1,-1,-1,-1
42,2,1250,492,58,70,1,-1,-1,-1
42,3,1684,279,61,49,1,-1,-1,-1
42,4,1271,387,167,71,1,-1,-1,-1
42,10,1522,232,32,35,1,-1,-1,-1
43,1,1260,841,103,139,1,-1,-1,-1
43,2,1251,493,58,71,1,-1,-1,-1
43,3,1689,280,62,50,1,-1,-1,-1
43,4,1265,387,167,71,1,-1,-1,-1
43,10,1524,233,33,35,1,-1,-1,-1
44,1,1259,852,105,141,1,-1,-1,-1
44,2,1253,495,57,71,1,-1,-1,-1
44,3,1694,282,63,51,1,-1,-1,-1
44,4,1259,387,167,71,1,-1,-1,-1
44,10,1526,234,34,36,1,-1,-1,-1
45,1,1257,867,107,147,1,-1,-1,-1
45,2,1253,497,57,72,1,-1,-1,-1
45,3,1701,285,65,52,1,-1,-1,-1
45,4,1252,387,167,71,1,-1,-1,-1
45,10,1529,234,34,37,1,-1,-1,-1
46,1,1255,883,110,153,1,-1,-1,-1
46,2,1254,500,56,72,1,-1,-1,-1
46,3,1708,289,68,53,1,-1,-1,-1
46,4,1246,387,166,71,1,-1,-1,-1
46,10,1531,235,35,37,1,-1,-1,-1
47,1,1253,899,113,158,1,-1,-1,-1
47,2,1254,502,56,73,1,-1,-1,-1
47,3,1716,293,69,53,1,-1,-1,-1
47,4,1239,388,166,70,1,-1,-1,-1
47,10,1533,236,35,38,1,-1,-1,-1
48,1,1252,914,115,165,1,-1,-1,-1
48,2,1255,505,55,73,1,-1,-1,-1
48,3,1723,297,72,54,1,-1,-1,-1
48,4,1233,388,166,71,1,-1,-1,-1
48,10,1536,237,35,38,1,-1,-1,-1
49,1,1250,930,118,170,1,-1,-1,-1
49,2,1255,507,55,74,1,-1,-1,-1
49,3,1730,301,74,54,1,-1,-1,-1
49,4,1226,388,166,71,1,-1,-1,-1
49,10,1538,238,36,39,1,-1,-1,-1
50,1,1248,946,121,176,1,-1,-1,-1
50,2,1256,510,54,74,1,-1,-1,-1
50,3,1738,305,76,55,1,-1,-1,-1
50,4,1220,389,165,70,1,-1,-1,-1
50,10,1540,238,37,40,1,-1,-1,-1
51,1,1246,961,124,183,1,-1,-1,-1
51,2,1257,512,53,75,1,-1,-1,-1
51,3,1745,308,78,57,1,-1,-1,-1
51,4,1213,389,165,70,1,-1,-1,-1
51,10,1543,239,37,40,1,-1,-1,-1
52,1,1245,977,126,188,1,-1,-1,-1
52,2,1257,515,53,75,1,-1,-1,-1
52,3,1752,312,81,57,1,-1,-1,-1
52,4,1207,389,165,71,1,-1,-1,-1
52,10,1545,240,38,41,1,-1,-1,-1
53,1,1243,993,129,194,1,-1,-1,-1
53,2,1258,517,52,76,1,-1,-1,-1
53,3,1760,316,82,58,1,-1,-1,-1
53,4,1200,390,165,70,1,-1,-1,-1
53,10,1547,241,39,41,1,-1,-1,-1
54,1,1241,1008,132,200,1,-1,-1,-1
54,2,1258,520,52,76,1,-1,-1,-1
54,3,1767,320,85,58,1,-1,-1,-1
54,4,1194,390,164,70,1,-1,-1,-1
54,10,1550,242,39,42,1,-1,-1,-1
55,1,1239,1024,135,206,1,-1,-1,-1
55,2,1259,522,51,77,1,-1,-1,-1
55,3,1774,324,87,59,1,-1,-1,-1
55,4,1187,390,164,70,1,-1,-1,-1
55,10,1553,243,40,42,1,-1,-1,-1
56,1,1238,1040,137,212,1,-1,-1,-1
56,2,1260,525,51,77,1,-1,-1,-1
56,3,1782,328,89,60,1,-1,-1,-1
56,4,1181,391,164,70,1,-1,-1,-1
56,10,1557,245,41,42,1,-1,-1,-1
57,1,1235,1057,136,218,1,-1,-1,-1
57,2,1260,529,51,76,1,-1,-1,-1
57,3,1794,331,89,60,1,-1,-1,-1
57,4,1173,391,164,70,1,-1,-1,-1
57,10,1561,247,41,42,1,-1,-1,-1
58,1,1233,1075,135,223,1,-1,-1,-1
58,2,1260,533,52,76,1,-1,-1,-1
58,3,1806,335,89,60,1,-1,-1,-1
58,4,1165,391,164,71,1,-1,-1,-1
58,10,1565,248,42,42,1,-1,-1,-1
59,1,1232,1106,133,239,1,-1,-1,-1
59,2,1260,536,52,76,1,-1,-1,-1
59,3,1819,333,90,65,1,-1,-1,-1
59,4,1158,391,164,71,1,-1,-1,-1
59,10,1569,250,42,42,1,-1,-1,-1
60,1,1227,1133,143,250,1,-1,-1,-1
60,2,1260,539,52,76,1,-1,-1,-1
60,3,1831,339,93,66,1,-1,-1,-1
60,4,1150,391,164,71,1,-1,-1,-1
60,10,1573,252,43,42,1,-1,-1,-1
61,1,1223,1160,152,261,1,-1,-1,-1
61,2,1260,542,52,76,1,-1,-1,-1
61,3,1843,346,96,67,1,-1,-1,-1
61,4,1142,391,164,71,1,-1,-1,-1
61,10,1577,253,43,42,1,-1,-1,-1
62,1,1219,1188,161,271,1,-1,-1,-1
62,2,1260,546,52,76,1,-1,-1,-1
62,3,1856,353,98,68,1,-1,-1,-1
62,4,1134,392,164,71,1,-1,-1,-1
62,10,1581,255,44,42,1,-1,-1,-1
63,1,1216,1226,161,284,1,-1,-1,-1
63,2,1258,551,56,77,1,-1,-1,-1
63,3,1871,360,102,69,1,-1,-1,-1
63,4,1125,393,164,71,1,-1,-1,-1
63,10,1585,257,44,42,1,-1,-1,-1
64,1,1214,1264,161,246,1,-1,-1,-1
64,2,1256,557,60,77,1,-1,-1,-1
64,3,1887,368,105,69,1,-1,-1,-1
64,4,1116,394,164,71,1,-1,-1,-1
64,10,1589,258,45,42,1,-1,-1,-1
65,1,1212,1302,161,208,1,-1,-1,-1
65,2,1254,562,64,78,1,-1,-1,-1
65,3,1902,375,109,70,1,-1,-1,-1
65,4,1107,395,164,71,1,-1,-1,-1
65,10,1593,260,45,42,1,-1,-1,-1
66,2,1253,568,68,79,1,-1,-1,-1
66,3,1918,383,113,71,1,-1,-1,-1
66,4,1098,397,165,71,1,-1,-1,-1
66,10,1597,262,46,42,1,-1,-1,-1
67,2,1253,574,65,78,1,-1,-1,-1
67,3,1935,392,120,72,1,-1,-1,-1
67,4,1090,400,165,71,1,-1,-1,-1
67,10,1601,264,47,42,1,-1,-1,-1
68,2,1253,580,63,77,1,-1,-1,-1
68,3,1953,401,127,74,1,-1,-1,-1
68,4,1082,403,165,71,1,-1,-1,-1
68,10,1608,267,48,42,1,-1,-1,-1
69,2,1251,584,64,80,1,-1,-1,-1
69,3,1973,410,138,80,1,-1,-1,-1
69,4,1073,404,165,70,1,-1,-1,-1
69,5,0,439,53,50,1,-1,-1,-1
69,10,1615,271,49,42,1,-1,-1,-1
70,2,1250,588,64,83,1,-1,-1,-1
70,3,1993,420,149,86,1,-1,-1,-1
70,4,1064,405,165,69,1,-1,-1,-1
70,5,0,440,62,50,1,-1,-1,-1
70,10,1622,275,50,42,1,-1,-1,-1
71,2,1248,593,65,85,1,-1,-1,-1
71,3,2013,429,160,92,1,-1,-1,-1
71,4,1055,406,165,69,1,-1,-1,-1
71,5,0,441,71,50,1,-1,-1,-1
71,10,1629,279,51,42,1,-1,-1,-1
72,2,1247,597,65,88,1,-1,-1,-1
72,3,2033,439,172,98,1,-1,-1,-1
72,4,1046,407,165,68,1,-1,-1,-1
72,5,0,443,84,49,1,-1,-1,-1
72,10,1636,282,52,42,1,-1,-1,-1
73,2,1246,602,65,90,1,-1,-1,-1
73,3,2063,449,184,103,1,-1,-1,-1
73,4,1038,408,165,68,1,-1,-1,-1
73,5,0,445,97,49,1,-1,-1,-1
73,10,1643,286,53,42,1,-1,-1,-1
74,2,1253,608,66,93,1,-1,-1,-1
74,3,2093,459,196,108,1,-1,-1,-1
74,4,1035,408,165,69,1,-1,-1,-1
74,5,10,447,101,49,1,-1,-1,-1
74,10,1650,290,54,42,1,-1,-1,-1
75,2,1260,615,67,95,1,-1,-1,-1
75,3,2139,477,194,113,1,-1,-1,-1
75,4,1032,409,165,69,1,-1,-1,-1
75,5,20,449,105,50,1,-1,-1,-1
75,10,1658,294,55,42,1,-1,-1,-1
76,2,1267,621,68,98,1,-1,-1,-1
76,3,2186,495,209,119,1,-1,-1,-1
76,4,1029,410,165,69,1,-1,-1,-1
76,5,35,451,105,50,1,-1,-1,-1
76,10,1672,297,57,43,1,-1,-1,-1
77,2,1275,628,68,100,1,-1,-1,-1
77,3,2234,513,224,126,1,-1,-1,-1
77,4,1026,411,165,69,1,-1,-1,-1
77,5,51,453,105,50,1,-1,-1,-1
77,10,1686,300,59,44,1,-1,-1,-1
78,2,1273,634,69,102,1,-1,-1,-1
78,3,2281,531,240,133,1,-1,-1,-1
78,4,1023,412,165,69,1,-1,-1,-1
78,5,66,455,105,50,1,-1,-1,-1
78,10,1701,304,61,44,1,-1,-1,-1
79,2,1272,641,69,103,1,-1,-1,-1
79,3,2329,549,255,140,1,-1,-1,-1
79,4,1020,413,165,69,1,-1,-1,-1
79,5,82,457,105,50,1,-1,-1,-1
79,10,1709,307,63,45,1,-1,-1,-1
80,2,1271,648,69,103,1,-1,-1,-1
80,3,2386,576,269,146,1,-1,-1,-1
80,4,1005,416,170,69,1,-1,-1,-1
80,5,97,459,105,50,1,-1,-1,-1
80,10,1717,311,65,46,1,-1,-1,-1
81,2,1271,656,68,103,1,-1,-1,-1
81,3,2444,604,242,153,1,-1,-1,-1
81,4,990,419,175,69,1,-1,-1,-1
81,5,113,461,105,50,1,-1,-1,-1
81,6,1518,449,133,58,1,-1,-1,-1
81,10,1725,315,67,46,1,-1,-1,-1
82,2,1271,664,68,103,1,-1,-1,-1
82,4,975,423,180,68,1,-1,-1,-1
82,5,118,457,105,50,1,-1,-1,-1
82,6,1511,450,133,58,1,-1,-1,-1
82,10,1733,319,69,47,1,-1,-1,-1
83,2,1271,674,68,103,1,-1,-1,-1
83,4,969,424,180,68,1,-1,-1,-1
83,5,128,462,105,50,1,-1,-1,-1
83,6,1504,452,133,58,1,-1,-1,-1
83,10,1741,323,71,47,1,-1,-1,-1
84,2,1271,681,68,103,1,-1,-1,-1
84,4,961,424,180,68,1,-1,-1,-1
84,5,140,465,103,46,1,-1,-1,-1
84,6,1498,450,133,58,1,-1,-1,-1
84,10,1749,327,73,48,1,-1,-1,-1
85,2,1271,688,68,103,1,-1,-1,-1
85,4,953,425,180,68,1,-1,-1,-1
85,5,152,469,101,42,1,-1,-1,-1
85,6,1493,449,133,57,1,-1,-1,-1
85,10,1757,331,76,49,1,-1,-1,-1
86,2,1268,696,70,106,1,-1,-1,-1
86,4,942,425,181,68,1,-1,-1,-1
86,5,162,470,101,42,1,-1,-1,-1
86,6,1491,454,122,53,1,-1,-1,-1
86,10,1767,335,79,51,1,-1,-1,-1
87,2,1265,704,72,110,1,-1,-1,-1
87,4,932,425,181,68,1,-1,-1,-1
87,5,172,472,101,42,1,-1,-1,-1
87,6,1490,459,111,50,1,-1,-1,-1
87,10,1778,339,82,53,1,-1,-1,-1
88,2,1262,712,74,114,1,-1,-1,-1
88,4,922,425,181,68,1,-1,-1,-1
88,5,182,474,101,42,1,-1,-1,-1
88,6,1488,464,100,46,1,-1,-1,-1
88,10,1789,343,84,55,1,-1,-1,-1
89,2,1260,721,76,117,1,-1,-1,-1
89,4,912,426,181,68,1,-1,-1,-1
89,5,192,476,101,42,1,-1,-1,-1
89,6,1487,470,89,42,1,-1,-1,-1
89,10,1800,347,87,58,1,-1,-1,-1
90,2,1264,732,76,121,1,-1,-1,-1
90,4,907,426,181,68,1,-1,-1,-1
90,5,205,477,101,42,1,-1,-1,-1
90,6,1484,471,90,42,1,-1,-1,-1
90,10,1821,353,89,60,1,-1,-1,-1
91,2,1268,743,77,125,1,-1,-1,-1
91,4,902,427,181,68,1,-1,-1,-1
91,5,219,479,101,42,1,-1,-1,-1
91,6,1482,473,90,42,1,-1,-1,-1
91,10,1842,360,92,62,1,-1,-1,-1
92,2,1272,754,78,129,1,-1,-1,-1
92,4,898,428,181,68,1,-1,-1,-1
92,5,233,480,101,42,1,-1,-1,-1
92,6,1479,474,91,42,1,-1,-1,-1
92,10,1863,366,95,65,1,-1,-1,-1
93,2,1276,765,79,133,1,-1,-1,-1
93,4,893,429,181,68,1,-1,-1,-1
93,5,247,482,101,42,1,-1,-1,-1
93,6,1477,476,91,42,1,-1,-1,-1
93,10,1884,373,98,67,1,-1,-1,-1
94,2,1280,776,80,137,1,-1,-1,-1
94,4,889,430,181,68,1,-1,-1,-1
94,5,261,483,101,42,1,-1,-1,-1
94,6,1474,477,92,42,1,-1,-1,-1
94,10,1905,380,101,69,1,-1,-1,-1
95,2,1284,788,81,141,1,-1,-1,-1
95,4,884,431,181,68,1,-1,-1,-1
95,5,275,485,101,42,1,-1,-1,-1
95,6,1472,479,92,42,1,-1,-1,-1
95,10,1925,389,107,72,1,-1,-1,-1
96,2,1280,803,82,145,1,-1,-1,-1
96,4,880,432,181,68,1,-1,-1,-1
96,5,289,487,101,42,1,-1,-1,-1
96,6,1470,481,92,42,1,-1,-1,-1
96,10,1946,399,113,75,1,-1,-1,-1
97,2,1277,816,86,153,1,-1,-1,-1
97,4,869,432,181,68,1,-1,-1,-1
97,5,300,489,101,42,1,-1,-1,-1
97,6,1464,482,93,42,1,-1,-1,-1
97,10,1967,409,119,78,1,-1,-1,-1
98,2,1274,830,90,160,1,-1,-1,-1
98,4,858,433,181,68,1,-1,-1,-1
98,5,312,491,101,42,1,-1,-1,-1
98,6,1459,483,94,42,1,-1,-1,-1
98,10,1988,418,125,81,1,-1,-1,-1
99,2,1271,843,95,168,1,-1,-1,-1
99,4,847,434,181,68,1,-1,-1,-1
99,5,324,493,101,42,1,-1,-1,-1
99,6,1454,485,95,41,1,-1,-1,-1
99,10,2009,428,131,84,1,-1,-1,-1
100,2,1268,857,99,175,1,-1,-1,-1
100,4,836,435,181,68,1,-1,-1,-1
100,5,335,495,102,42,1,-1,-1,-1
100,6,1449,486,95,41,1,-1,-1,-1
100,10,2030,438,137,87,1,-1,-1,-1
101,2,1265,870,103,183,1,-1,-1,-1
101,4,826,436,181,68,1,-1,-1,-1
101,5,347,497,101,42,1,-1,-1,-1
101,6,1443,488,97,40,1,-1,-1,-1
101,10,2063,450,150,96,1,-1,-1,-1
102,2,1263,884,107,191,1,-1,-1,-1
102,4,815,437,181,68,1,-1,-1,-1
102,5,359,499,101,42,1,-1,-1,-1
102,6,1438,489,98,40,1,-1,-1,-1
102,10,2097,463,162,104,1,-1,-1,-1
103,2,1262,904,110,190,1,-1,-1,-1
103,4,804,438,181,68,1,-1,-1,-1
103,5,371,501,101,42,1,-1,-1,-1
103,6,1433,491,98,39,1,-1,-1,-1
103,10,2130,476,175,113,1,-1,-1,-1
104,2,1261,924,114,190,1,-1,-1,-1
104,4,793,439,181,68,1,-1,-1,-1
104,5,382,503,102,42,1,-1,-1,-1
104,6,1428,492,99,39,1,-1,-1,-1
104,10,2164,489,187,121,1,-1,-1,-1
105,2,1261,945,117,189,1,-1,-1,-1
105,4,783,440,181,68,1,-1,-1,-1
105,5,394,505,102,42,1,-1,-1,-1
105,6,1423,494,100,39,1,-1,-1,-1
105,10,2198,502,199,130,1,-1,-1,-1
106,2,1257,967,121,202,1,-1,-1,-1
106,4,772,441,181,68,1,-1,-1,-1
106,5,406,507,101,42,1,-1,-1,-1
106,6,1418,495,99,39,1,-1,-1,-1
106,10,2248,523,217,140,1,-1,-1,-1
107,2,1253,990,126,214,1,-1,-1,-1
107,4,761,442,181,68,1,-1,-1,-1
107,5,417,509,102,42,1,-1,-1,-1
107,6,1413,497,98,39,1,-1,-1,-1
107,10,2298,544,235,150,1,-1,-1,-1
108,2,1249,1012,131,228,1,-1,-1,-1
108,4,750,443,181,68,1,-1,-1,-1
108,5,429,511,102,42,1,-1,-1,-1
108,6,1408,498,97,40,1,-1,-1,-1
108,10,2349,566,253,159,1,-1,-1,-1
108,11,1494,281,23,22,1,-1,-1,-1
109,2,1245,1035,136,240,1,-1,-1,-1
109,4,740,444,181,68,1,-1,-1,-1
109,5,441,513,102,42,1,-1,-1,-1
109,6,1403,500,96,40,1,-1,-1,-1
109,10,2409,592,271,172,1,-1,-1,-1
109,11,1494,281,24,22,1,-1,-1,-1
110,2,1241,1058,141,253,1,-1,-1,-1
110,4,729,445,181,68,1,-1,-1,-1
110,5,453,515,102,42,1,-1,-1,-1
110,6,1398,502,95,40,1,-1,-1,-1
110,11,1495,281,24,23,1,-1,-1,-1
111,2,1237,1087,145,260,1,-1,-1,-1
111,4,718,446,181,68,1,-1,-1,-1
111,5,449,516,101,42,1,-1,-1,-1
111,6,1393,503,94,41,1,-1,-1,-1
111,11,1496,282,24,23,1,-1,-1,-1
112,2,1233,1116,149,268,1,-1,-1,-1
112,4,707,447,181,68,1,-1,-1,-1
112,5,445,517,101,42,1,-1,-1,-1
112,6,1388,505,93,41,1,-1,-1,-1
112,11,1497,282,24,24,1,-1,-1,-1
113,2,1229,1145,154,276,1,-1,-1,-1
113,4,697,448,181,68,1,-1,-1,-1
113,5,441,519,101,42,1,-1,-1,-1
113,6,1383,507,92,41,1,-1,-1,-1
113,11,1497,283,25,24,1,-1,-1,-1
114,2,1229,1183,153,275,1,-1,-1,-1
114,4,687,452,181,68,1,-1,-1,-1
114,5,451,527,101,42,1,-1,-1,-1
114,6,1375,507,94,43,1,-1,-1,-1
114,11,1498,283,25,25,1,-1,-1,-1
114,24,1575,505,97,47,1,-1,-1,-1
115,2,1222,1215,153,269,1,-1,-1,-1
115,4,676,457,181,68,1,-1,-1,-1
115,5,483,527,102,42,1,-1,-1,-1
115,6,1367,507,96,45,1,-1,-1,-1
115,11,1499,283,25,26,1,-1,-1,-1
115,24,1568,507,97,47,1,-1,-1,-1
116,4,665,462,181,69,1,-1,-1,-1
116,5,516,527,102,42,1,-1,-1,-1
116,6,1360,508,98,46,1,-1,-1,-1
116,11,1500,284,25,26,1,-1,-1,-1
116,24,1562,509,97,47,1,-1,-1,-1
117,4,649,461,184,69,1,-1,-1,-1
117,5,531,530,101,42,1,-1,-1,-1
117,6,1353,509,97,46,1,-1,-1,-1
117,11,1500,284,27,27,1,-1,-1,-1
117,24,1558,510,97,47,1,-1,-1,-1
118,4,634,460,187,69,1,-1,-1,-1
118,5,546,534,101,41,1,-1,-1,-1
118,6,1346,510,96,46,1,-1,-1,-1
118,11,1501,285,27,27,1,-1,-1,-1
118,24,1554,511,97,47,1,-1,-1,-1
119,4,619,460,190,68,1,-1,-1,-1
119,5,562,538,100,41,1,-1,-1,-1
119,6,1339,512,96,46,1,-1,-1,-1
119,11,1502,285,27,28,1,-1,-1,-1
119,24,1550,513,97,47,1,-1,-1,-1
120,4,606,460,190,69,1,-1,-1,-1
120,5,564,539,100,41,1,-1,-1,-1
120,6,1331,513,97,46,1,-1,-1,-1
120,11,1503,285,27,29,1,-1,-1,-1
120,24,1544,514,98,47,1,-1,-1,-1
121,4,593,461,191,69,1,-1,-1,-1
121,5,566,541,100,41,1,-1,-1,-1
121,6,1324,514,97,46,1,-1,-1,-1
121,11,1503,286,28,29,1,-1,-1,-1
121,24,1538,515,99,47,1,-1,-1,-1
122,4,580,461,191,70,1,-1,-1,-1
122,5,569,542,100,41,1,-1,-1,-1
122,6,1317,516,98,45,1,-1,-1,-1
122,11,1504,286,28,30,1,-1,-1,-1
122,24,1533,517,100,47,1,-1,-1,-1
123,4,567,462,192,70,1,-1,-1,-1
123,5,571,544,100,41,1,-1,-1,-1
123,6,1310,517,98,46,1,-1,-1,-1
123,11,1505,287,28,30,1,-1,-1,-1
123,24,1527,518,101,47,1,-1,-1,-1
124,4,554,463,193,70,1,-1,-1,-1
124,5,574,546,100,41,1,-1,-1,-1
124,6,1303,518,98,46,1,-1,-1,-1
124,11,1506,287,28,31,1,-1,-1,-1
124,24,1522,520,101,46,1,-1,-1,-1
125,4,541,463,193,71,1,-1,-1,-1
125,5,576,547,100,41,1,-1,-1,-1
125,6,1296,520,99,45,1,-1,-1,-1
125,11,1507,288,29,31,1,-1,-1,-1
125,24,1516,521,103,47,1,-1,-1,-1
126,4,528,464,194,71,1,-1,-1,-1
126,5,579,549,100,41,1,-1,-1,-1
126,6,1289,521,99,46,1,-1,-1,-1
126,11,1508,288,29,31,1,-1,-1,-1
126,24,1510,523,104,46,1,-1,-1,-1
127,4,515,465,195,72,1,-1,-1,-1
127,5,581,551,100,41,1,-1,-1,-1
127,6,1281,522,101,46,1,-1,-1,-1
127,11,1509,289,29,31,1,-1,-1,-1
127,24,1505,524,104,46,1,-1,-1,-1
128,4,502,465,195,73,1,-1,-1,-1
128,5,583,552,100,41,1,-1,-1,-1
128,6,1274,524,101,45,1,-1,-1,-1
128,11,1511,290,29,31,1,-1,-1,-1
128,24,1499,526,106,46,1,-1,-1,-1
129,4,489,466,196,73,1,-1,-1,-1
129,5,586,554,100,41,1,-1,-1,-1
129,6,1267,525,101,46,1,-1,-1,-1
129,11,1512,290,29,31,1,-1,-1,-1
129,24,1494,527,106,46,1,-1,-1,-1
130,4,476,467,197,73,1,-1,-1,-1
130,5,588,556,100,41,1,-1,-1,-1
130,6,1260,526,102,46,1,-1,-1,-1
130,11,1514,291,29,31,1,-1,-1,-1
130,24,1488,529,108,46,1,-1,-1,-1
131,4,464,467,196,74,1,-1,-1,-1
131,5,591,557,100,41,1,-1,-1,-1
131,6,1253,528,102,45,1,-1,-1,-1
131,11,1515,292,29,31,1,-1,-1,-1
131,24,1483,530,108,46,1,-1,-1,-1
132,4,451,468,197,74,1,-1,-1,-1
132,5,593,559,100,41,1,-1,-1,-1
132,6,1246,529,103,45,1,-1,-1,-1
132,11,1517,292,29,31,1,-1,-1,-1
132,24,1477,532,109,45,1,-1,-1,-1
133,4,438,469,198,74,1,-1,-1,-1
133,5,596,561,100,41,1,-1,-1,-1
133,6,1239,530,103,46,1,-1,-1,-1
133,11,1518,293,29,31,1,-1,-1,-1
133,24,1471,533,111,46,1,-1,-1,-1
134,4,425,469,198,75,1,-1,-1,-1
134,5,598,562,100,41,1,-1,-1,-1
134,6,1232,532,103,45,1,-1,-1,-1
134,11,1520,294,29,31,1,-1,-1,-1
134,24,1466,535,111,45,1,-1,-1,-1
135,4,412,470,199,76,1,-1,-1,-1
135,5,600,564,100,41,1,-1,-1,-1
135,6,1224,533,105,45,1,-1,-1,-1
135,11,1521,294,29,31,1,-1,-1,-1
135,24,1460,536,112,45,1,-1,-1,-1
136,4,399,471,200,76,1,-1,-1,-1
136,5,603,566,100,41,1,-1,-1,-1
136,6,1217,534,105,46,1,-1,-1,-1
136,11,1523,295,29,31,1,-1,-1,-1
136,24,1455,538,113,45,1,-1,-1,-1
137,4,386,471,200,77,1,-1,-1,-1
137,5,605,567,100,41,1,-1,-1,-1
137,6,1210,536,106,45,1,-1,-1,-1
137,7,1,538,68,54,1,-1,-1,-1
137,11,1524,296,29,31,1,-1,-1,-1
137,24,1449,539,114,45,1,-1,-1,-1
138,4,373,472,201,77,1,-1,-1,-1
138,5,608,569,100,41,1,-1,-1,-1
138,6,1203,537,106,45,1,-1,-1,-1
138,7,1,541,81,53,1,-1,-1,-1
138,11,1526,297,29,31,1,-1,-1,-1
138,24,1444,541,115,45,1,-1,-1,-1
139,4,360,473,202,77,1,-1,-1,-1
139,5,610,571,100,41,1,-1,-1,-1
139,6,1196,538,106,46,1,-1,-1,-1
139,7,1,544,94,53,1,-1,-1,-1
139,11,1527,297,29,31,1,-1,-1,-1
139,24,1438,542,115,46,1,-1,-1,-1
140,4,347,473,202,78,1,-1,-1,-1
140,5,613,572,100,41,1,-1,-1,-1
140,6,1189,540,107,45,1,-1,-1,-1
140,7,2,547,107,53,1,-1,-1,-1
140,11,1529,298,29,31,1,-1,-1,-1
140,24,1433,544,114,46,1,-1,-1,-1
141,4,334,474,203,78,1,-1,-1,-1
141,5,615,574,100,41,1,-1,-1,-1
141,6,1182,541,107,45,1,-1,-1,-1
141,7,2,550,120,53,1,-1,-1,-1
141,11,1530,299,29,31,1,-1,-1,-1
141,24,1427,546,114,46,1,-1,-1,-1
142,4,322,475,203,79,1,-1,-1,-1
142,5,618,576,100,41,1,-1,-1,-1
142,6,1175,543,108,45,1,-1,-1,-1
142,7,3,553,133,53,1,-1,-1,-1
142,11,1532,299,29,31,1,-1,-1,-1
142,24,1422,548,114,46,1,-1,-1,-1
143,4,309,476,202,79,1,-1,-1,-1
143,5,634,574,100,42,1,-1,-1,-1
143,6,1166,544,108,45,1,-1,-1,-1
143,7,16,553,133,52,1,-1,-1,-1
143,11,1533,300,29,31,1,-1,-1,-1
143,24,1420,548,113,47,1,-1,-1,-1
144,4,296,478,202,79,1,-1,-1,-1
144,5,656,576,100,42,1,-1,-1,-1
144,6,1160,544,108,45,1,-1,-1,-1
144,7,31,555,133,52,1,-1,-1,-1
144,11,1535,301,29,31,1,-1,-1,-1
144,24,1413,550,113,47,1,-1,-1,-1
145,4,283,479,202,79,1,-1,-1,-1
145,5,678,579,100,42,1,-1,-1,-1
145,6,1155,545,108,45,1,-1,-1,-1
145,7,46,557,133,52,1,-1,-1,-1
145,11,1536,301,29,31,1,-1,-1,-1
145,24,1406,552,113,47,1,-1,-1,-1
146,4,270,481,202,79,1,-1,-1,-1
146,5,701,582,100,42,1,-1,-1,-1
146,6,1150,546,108,45,1,-1,-1,-1
146,7,61,559,133,52,1,-1,-1,-1
146,11,1538,302,29,31,1,-1,-1,-1
146,24,1399,554,114,47,1,-1,-1,-1
147,4,253,481,205,79,1,-1,-1,-1
147,5,723,585,100,42,1,-1,-1,-1
147,6,1140,547,108,45,1,-1,-1,-1
147,7,72,559,133,52,1,-1,-1,-1
147,11,1539,303,29,31,1,-1,-1,-1
147,24,1393,555,114,47,1,-1,-1,-1
148,4,237,481,208,79,1,-1,-1,-1
148,5,745,587,100,42,1,-1,-1,-1
148,6,1130,549,108,45,1,-1,-1,-1
148,7,83,560,133,52,1,-1,-1,-1
148,11,1541,304,29,31,1,-1,-1,-1
148,24,1388,556,113,47,1,-1,-1,-1
149,4,220,481,212,79,1,-1,-1,-1
149,5,768,590,100,42,1,-1,-1,-1
149,6,1121,550,108,45,1,-1,-1,-1
149,7,95,560,133,52,1,-1,-1,-1
149,11,1543,304,29,31,1,-1,-1,-1
149,24,1382,557,114,47,1,-1,-1,-1
150,4,204,481,215,79,1,-1,-1,-1
150,5,790,593,100,42,1,-1,-1,-1
150,6,1111,552,108,45,1,-1,-1,-1
150,7,106,561,133,52,1,-1,-1,-1
150,11,1545,305,29,31,1,-1,-1,-1
150,24,1377,558,113,47,1,-1,-1,-1
151,4,188,481,218,79,1,-1,-1,-1
151,5,813,596,100,42,1,-1,-1,-1
151,6,1102,554,108,45,1,-1,-1,-1
151,7,118,562,133,52,1,-1,-1,-1
151,11,1548,306,29,31,1,-1,-1,-1
151,24,1372,560,113,47,1,-1,-1,-1
152,4,174,482,218,79,1,-1,-1,-1
152,5,824,593,100,42,1,-1,-1,-1
152,6,1094,555,109,45,1,-1,-1,-1
152,7,131,567,133,52,1,-1,-1,-1
152,11,1550,307,29,31,1,-1,-1,-1
152,24,1362,560,113,47,1,-1,-1,-1
153,4,161,484,218,79,1,-1,-1,-1
153,5,836,591,100,42,1,-1,-1,-1
153,6,1087,557,109,45,1,-1,-1,-1
153,7,145,573,132,52,1,-1,-1,-1
153,11,1553,308,29,31,1,-1,-1,-1
153,24,1353,560,113,47,1,-1,-1,-1
154,4,147,484,218,79,1,-1,-1,-1
154,5,857,598,100,42,1,-1,-1,-1
154,6,1078,558,108,44,1,-1,-1,-1
154,7,156,575,132,56,1,-1,-1,-1
154,11,1555,308,29,31,1,-1,-1,-1
154,24,1345,562,113,46,1,-1,-1,-1
155,4,133,485,218,79,1,-1,-1,-1
155,5,878,605,100,42,1,-1,-1,-1
155,6,1069,559,107,43,1,-1,-1,-1
155,7,168,577,131,60,1,-1,-1,-1
155,11,1558,309,29,31,1,-1,-1,-1
155,24,1338,564,113,46,1,-1,-1,-1
156,4,119,486,219,79,1,-1,-1,-1
156,5,900,613,100,42,1,-1,-1,-1
156,6,1060,560,107,42,1,-1,-1,-1
156,7,180,579,130,64,1,-1,-1,-1
156,11,1560,310,29,31,1,-1,-1,-1
156,24,1331,566,113,46,1,-1,-1,-1
157,4,105,489,221,79,1,-1,-1,-1
157,5,912,615,100,43,1,-1,-1,-1
157,6,1049,559,113,41,1,-1,-1,-1
157,7,211,582,130,64,1,-1,-1,-1
157,11,1563,311,29,31,1,-1,-1,-1
157,24,1326,565,118,47,1,-1,-1,-1
158,4,90,490,221,79,1,-1,-1,-1
158,5,925,617,100,45,1,-1,-1,-1
158,6,1040,559,113,43,1,-1,-1,-1
158,7,220,582,130,64,1,-1,-1,-1
158,11,1565,312,29,31,1,-1,-1,-1
158,24,1318,568,118,47,1,-1,-1,-1
159,4,75,491,221,79,1,-1,-1,-1
159,5,937,619,100,46,1,-1,-1,-1
159,6,1032,559,113,45,1,-1,-1,-1
159,7,230,582,130,64,1,-1,-1,-1
159,11,1567,312,29,31,1,-1,-1,-1
159,24,1310,571,118,47,1,-1,-1,-1
160,4,60,493,221,79,1,-1,-1,-1
160,5,950,622,100,47,1,-1,-1,-1
160,6,1024,559,113,47,1,-1,-1,-1
160,7,240,582,130,64,1,-1,-1,-1
160,11,1570,313,29,31,1,-1,-1,-1
160,24,1302,574,118,47,1,-1,-1,-1
161,4,48,493,220,79,1,-1,-1,-1
161,5,957,624,104,48,1,-1,-1,-1
161,6,1015,560,113,47,1,-1,-1,-1
161,7,255,584,130,64,1,-1,-1,-1
161,11,1572,314,29,31,1,-1,-1,-1
161,24,1294,574,118,47,1,-1,-1,-1
162,4,36,494,219,78,1,-1,-1,-1
162,5,964,626,109,49,1,-1,-1,-1
162,6,1006,561,113,47,1,-1,-1,-1
162,7,271,587,130,64,1,-1,-1,-1
162,11,1575,315,29,31,1,-1,-1,-1
162,24,1287,575,118,47,1,-1,-1,-1
163,4,24,494,218,79,1,-1,-1,-1
163,5,971,628,114,50,1,-1,-1,-1
163,6,997,563,113,47,1,-1,-1,-1
163,7,286,589,130,65,1,-1,-1,-1
163,11,1577,316,29,31,1,-1,-1,-1
163,24,1280,575,118,47,1,-1,-1,-1
164,4,12,495,217,78,1,-1,-1,-1
164,5,978,630,119,51,1,-1,-1,-1
164,6,988,564,113,47,1,-1,-1,-1
164,7,302,592,130,65,1,-1,-1,-1
164,11,1580,316,29,31,1,-1,-1,-1
164,24,1273,576,118,47,1,-1,-1,-1
165,5,986,633,123,52,1,-1,-1,-1
165,6,980,566,113,47,1,-1,-1,-1
165,7,318,595,130,65,1,-1,-1,-1
165,8,1702,599,133,59,1,-1,-1,-1
165,11,1582,317,29,31,1,-1,-1,-1
165,24,1266,577,118,47,1,-1,-1,-1
166,5,994,635,124,54,1,-1,-1,-1
166,6,969,566,115,48,1,-1,-1,-1
166,7,332,597,130,65,1,-1,-1,-1
166,8,1697,601,132,60,1,-1,-1,-1
166,11,1585,318,29,31,1,-1,-1,-1
166,24,1257,577,118,47,1,-1,-1,-1
167,5,1002,638,126,56,1,-1,-1,-1
167,6,959,567,116,48,1,-1,-1,-1
167,7,347,599,130,65,1,-1,-1,-1
167,8,1693,603,130,61,1,-1,-1,-1
167,11,1587,319,29,31,1,-1,-1,-1
167,24,1248,578,119,47,1,-1,-1,-1
168,5,1011,640,127,59,1,-1,-1,-1
168,6,949,567,117,50,1,-1,-1,-1
168,7,361,601,131,65,1,-1,-1,-1
168,8,1689,605,128,62,1,-1,-1,-1
168,11,1590,320,29,31,1,-1,-1,-1
168,13,1533,311,24,10,1,-1,-1,-1
168,24,1239,579,120,47,1,-1,-1,-1
169,5,1019,643,128,60,1,-1,-1,-1
169,6,939,568,118,50,1,-1,-1,-1
169,7,376,603,130,65,1,-1,-1,-1
169,8,1684,607,127,63,1,-1,-1,-1
169,11,1591,320,31,32,1,-1,-1,-1
169,13,1534,310,24,11,1,-1,-1,-1
169,24,1230,580,121,47,1,-1,-1,-1
170,5,1027,645,130,63,1,-1,-1,-1
170,6,929,568,119,51,1,-1,-1,-1
170,7,390,605,131,65,1,-1,-1,-1
170,8,1680,609,125,64,1,-1,-1,-1
170,11,1593,320,32,33,1,-1,-1,-1
170,13,1536,310,24,12,1,-1,-1,-1
170,24,1221,581,122,47,1,-1,-1,-1
171,5,1036,648,131,65,1,-1,-1,-1
171,6,919,569,120,52,1,-1,-1,-1
171,7,405,607,131,65,1,-1,-1,-1
171,8,1676,611,123,65,1,-1,-1,-1
171,11,1594,320,34,35,1,-1,-1,-1
171,13,1537,310,25,13,1,-1,-1,-1
171,24,1212,582,123,47,1,-1,-1,-1
172,5,1045,654,131,65,1,-1,-1,-1
172,6,913,571,120,52,1,-1,-1,-1
172,7,427,609,131,65,1,-1,-1,-1
172,8,1674,613,123,65,1,-1,-1,-1
172,11,1596,320,36,36,1,-1,-1,-1
172,13,1539,310,25,14,1,-1,-1,-1
172,24,1204,584,123,47,1,-1,-1,-1
173,5,1054,660,131,65,1,-1,-1,-1
173,6,907,573,120,52,1,-1,-1,-1
173,7,449,611,131,65,1,-1,-1,-1
173,8,1673,615,123,65,1,-1,-1,-1
173,11,1598,320,37,37,1,-1,-1,-1
173,13,1540,309,25,15,1,-1,-1,-1
173,24,1196,587,123,47,1,-1,-1,-1
174,5,1064,663,130,67,1,-1,-1,-1
174,6,896,573,120,52,1,-1,-1,-1
174,7,471,614,131,65,1,-1,-1,-1
174,8,1670,617,122,66,1,-1,-1,-1
174,11,1599,320,39,39,1,-1,-1,-1
174,13,1542,309,25,16,1,-1,-1,-1
174,24,1187,587,123,47,1,-1,-1,-1
175,5,1074,667,130,69,1,-1,-1,-1
175,6,886,574,120,52,1,-1,-1,-1
175,7,494,616,131,65,1,-1,-1,-1
175,8,1667,620,122,67,1,-1,-1,-1
175,11,1601,320,40,40,1,-1,-1,-1
175,13,1543,309,26,17,1,-1,-1,-1
175,24,1178,588,123,47,1,-1,-1,-1
176,5,1084,670,130,71,1,-1,-1,-1
176,6,875,575,120,52,1,-1,-1,-1
176,7,516,619,131,65,1,-1,-1,-1
176,8,1664,623,122,67,1,-1,-1,-1
176,11,1603,320,42,42,1,-1,-1,-1
176,13,1545,309,26,18,1,-1,-1,-1
176,24,1169,589,123,47,1,-1,-1,-1
177,5,1094,674,130,73,1,-1,-1,-1
177,6,865,576,120,52,1,-1,-1,-1
177,7,538,621,131,65,1,-1,-1,-1
177,8,1661,626,122,68,1,-1,-1,-1
177,11,1607,320,42,42,1,-1,-1,-1
177,13,1546,309,26,18,1,-1,-1,-1
177,24,1159,589,123,47,1,-1,-1,-1
178,5,1104,677,130,75,1,-1,-1,-1
178,6,854,576,120,52,1,-1,-1,-1
178,7,561,624,131,65,1,-1,-1,-1
178,8,1658,629,121,69,1,-1,-1,-1
178,11,1611,320,42,42,1,-1,-1,-1
178,13,1547,309,26,18,1,-1,-1,-1
178,24,1150,590,123,47,1,-1,-1,-1
179,5,1114,681,130,77,1,-1,-1,-1
179,6,844,577,120,52,1,-1,-1,-1
179,7,567,625,131,65,1,-1,-1,-1
179,8,1655,632,121,69,1,-1,-1,-1
179,11,1616,321,42,42,1,-1,-1,-1
179,13,1548,309,26,18,1,-1,-1,-1
179,24,1140,591,123,47,1,-1,-1,-1
180,5,1124,684,130,79,1,-1,-1,-1
180,6,833,578,120,52,1,-1,-1,-1
180,7,573,626,131,65,1,-1,-1,-1
180,8,1652,635,121,70,1,-1,-1,-1
180,11,1620,321,42,42,1,-1,-1,-1
180,13,1549,309,26,18,1,-1,-1,-1
180,24,1131,592,123,47,1,-1,-1,-1
181,5,1134,688,130,81,1,-1,-1,-1
181,6,823,579,120,52,1,-1,-1,-1
181,7,579,627,131,65,1,-1,-1,-1
181,8,1649,638,121,71,1,-1,-1,-1
181,11,1625,322,42,42,1,-1,-1,-1
181,13,1551,309,26,18,1,-1,-1,-1
181,24,1122,593,123,47,1,-1,-1,-1
182,5,1144,694,128,81,1,-1,-1,-1
182,6,812,580,121,52,1,-1,-1,-1
182,7,585,629,131,65,1,-1,-1,-1
182,8,1645,643,120,71,1,-1,-1,-1
182,11,1629,322,42,42,1,-1,-1,-1
182,13,1552,309,26,18,1,-1,-1,-1
182,24,1113,593,123,47,1,-1,-1,-1
183,5,1155,700,125,81,1,-1,-1,-1
183,6,801,581,122,52,1,-1,-1,-1
183,7,591,630,131,65,1,-1,-1,-1
183,8,1641,648,120,71,1,-1,-1,-1
183,11,1634,323,42,42,1,-1,-1,-1
183,13,1553,309,26,18,1,-1,-1,-1
183,24,1104,594,123,47,1,-1,-1,-1
184,5,1166,706,122,81,1,-1,-1,-1
184,6,790,582,123,52,1,-1,-1,-1
184,7,597,631,131,65,1,-1,-1,-1
184,8,1637,653,120,71,1,-1,-1,-1
184,11,1638,323,42,42,1,-1,-1,-1
184,13,1554,309,26,18,1,-1,-1,-1
184,24,1095,594,123,47,1,-1,-1,-1
185,5,1177,712,120,81,1,-1,-1,-1
185,6,780,583,123,53,1,-1,-1,-1
185,7,604,633,131,65,1,-1,-1,-1
185,8,1634,658,119,71,1,-1,-1,-1
185,11,1643,324,42,42,1,-1,-1,-1
185,13,1556,309,26,18,1,-1,-1,-1
185,24,1086,595,123,47,1,-1,-1,-1
186,5,1188,719,120,82,1,-1,-1,-1
186,6,769,584,124,53,1,-1,-1,-1
186,7,620,636,131,65,1,-1,-1,-1
186,8,1632,661,119,73,1,-1,-1,-1
186,11,1648,326,43,42,1,-1,-1,-1
186,13,1558,308,26,18,1,-1,-1,-1
186,24,1076,596,124,47,1,-1,-1,-1
187,5,1199,726,120,84,1,-1,-1,-1
187,6,759,585,124,53,1,-1,-1,-1
187,7,637,640,131,65,1,-1,-1,-1
187,8,1631,664,118,75,1,-1,-1,-1
187,11,1653,328,45,42,1,-1,-1,-1
187,13,1560,307,26,18,1,-1,-1,-1
187,21,2584,389,97,90,1,-1,-1,-1
187,24,1067,598,125,47,1,-1,-1,-1
188,5,1206,733,120,85,1,-1,-1,-1
188,6,749,586,124,53,1,-1,-1,-1
188,7,654,643,131,65,1,-1,-1,-1
188,8,1629,667,118,77,1,-1,-1,-1
188,11,1659,331,46,42,1,-1,-1,-1
188,13,1562,307,26,18,1,-1,-1,-1
188,21,2565,386,116,92,1,-1,-1,-1
188,24,1058,599,125,47,1,-1,-1,-1
189,5,1214,741,120,86,1,-1,-1,-1
189,6,739,588,124,52,1,-1,-1,-1
189,7,671,647,131,65,1,-1,-1,-1
189,8,1628,671,117,78,1,-1,-1,-1
189,11,1664,333,48,42,1,-1,-1,-1
189,13,1564,306,26,18,1,-1,-1,-1
189,21,2546,383,135,95,1,-1,-1,-1
189,24,1049,601,126,47,1,-1,-1,-1
190,5,1222,749,120,87,1,-1,-1,-1
190,6,729,589,124,52,1,-1,-1,-1
190,7,688,650,131,65,1,-1,-1,-1
190,8,1626,674,116,79,1,-1,-1,-1
190,11,1670,336,49,42,1,-1,-1,-1
190,13,1567,306,25,18,1,-1,-1,-1
190,21,2528,381,153,97,1,-1,-1,-1
190,24,1037,601,127,47,1,-1,-1,-1
191,5,1230,756,120,89,1,-1,-1,-1
191,6,718,590,125,53,1,-1,-1,-1
191,7,704,654,131,65,1,-1,-1,-1
191,8,1624,677,116,81,1,-1,-1,-1
191,11,1674,336,51,45,1,-1,-1,-1
191,13,1569,306,25,18,1,-1,-1,-1
191,21,2510,378,149,95,1,-1,-1,-1
191,24,1026,602,127,47,1,-1,-1,-1
192,5,1238,764,119,90,1,-1,-1,-1
192,6,708,591,125,53,1,-1,-1,-1
192,7,721,657,131,65,1,-1,-1,-1
192,8,1622,680,116,83,1,-1,-1,-1
192,11,1679,336,52,48,1,-1,-1,-1
192,13,1571,306,25,18,1,-1,-1,-1
192,21,2493,376,145,93,1,-1,-1,-1
192,24,1015,603,128,46,1,-1,-1,-1
193,5,1246,772,119,91,1,-1,-1,-1
193,6,698,593,125,52,1,-1,-1,-1
193,7,738,661,131,65,1,-1,-1,-1
193,8,1621,684,114,84,1,-1,-1,-1
193,11,1684,337,53,50,1,-1,-1,-1
193,13,1573,306,25,18,1,-1,-1,-1
193,21,2475,374,141,91,1,-1,-1,-1
193,24,1004,603,128,47,1,-1,-1,-1
194,5,1254,779,119,93,1,-1,-1,-1
194,6,688,594,125,52,1,-1,-1,-1
194,7,755,664,131,65,1,-1,-1,-1
194,8,1619,687,114,86,1,-1,-1,-1
194,11,1689,337,54,53,1,-1,-1,-1
194,13,1575,306,25,18,1,-1,-1,-1
194,21,2458,371,137,89,1,-1,-1,-1
194,24,993,604,129,46,1,-1,-1,-1
195,5,1262,787,119,94,1,-1,-1,-1
195,6,678,595,125,52,1,-1,-1,-1
195,7,772,668,131,65,1,-1,-1,-1
195,8,1617,690,114,88,1,-1,-1,-1
195,11,1694,337,55,56,1,-1,-1,-1
195,13,1577,306,25,18,1,-1,-1,-1
195,21,2440,369,133,87,1,-1,-1,-1
195,24,982,605,129,46,1,-1,-1,-1
196,5,1270,795,119,95,1,-1,-1,-1
196,6,668,597,125,52,1,-1,-1,-1
196,7,789,672,131,65,1,-1,-1,-1
196,8,1616,694,113,89,1,-1,-1,-1
196,11,1699,338,57,58,1,-1,-1,-1
196,13,1579,306,25,18,1,-1,-1,-1
196,21,2423,367,129,85,1,-1,-1,-1
196,24,971,606,130,46,1,-1,-1,-1
197,5,1277,803,119,97,1,-1,-1,-1
197,6,655,599,127,52,1,-1,-1,-1
197,7,811,677,131,65,1,-1,-1,-1
197,8,1616,698,113,89,1,-1,-1,-1
197,11,1705,339,59,59,1,-1,-1,-1
197,13,1580,306,25,18,1,-1,-1,-1
197,21,2409,365,126,83,1,-1,-1,-1
197,24,959,607,132,46,1,-1,-1,-1
198,5,1284,811,119,99,1,-1,-1,-1
198,6,642,601,130,52,1,-1,-1,-1
198,7,833,682,131,65,1,-1,-1,-1
198,8,1616,703,113,89,1,-1,-1,-1
198,11,1712,341,60,59,1,-1,-1,-1
198,13,1582,306,25,18,1,-1,-1,-1
198,21,2395,363,124,81,1,-1,-1,-1
198,24,947,608,135,46,1,-1,-1,-1
199,5,1292,819,118,102,1,-1,-1,-1
199,6,630,604,132,51,1,-1,-1,-1
199,7,855,687,131,65,1,-1,-1,-1
199,8,1616,708,113,89,1,-1,-1,-1
199,11,1718,342,62,60,1,-1,-1,-1
199,13,1583,306,25,18,1,-1,-1,-1
199,21,2382,361,121,79,1,-1,-1,-1
199,24,936,610,137,45,1,-1,-1,-1
200,5,1298,827,118,104,1,-1,-1,-1
200,6,619,604,132,51,1,-1,-1,-1
200,7,867,684,131,65,1,-1,-1,-1
200,8,1612,711,113,89,1,-1,-1,-1
200,11,1725,344,63,60,1,-1,-1,-1
200,13,1585,306,25,18,1,-1,-1,-1
200,21,2368,359,119,77,1,-1,-1,-1
200,24,924,609,137,48,1,-1,-1,-1
201,5,1304,835,118,107,1,-1,-1,-1
201,6,609,605,132,51,1,-1,-1,-1
201,7,879,681,131,65,1,-1,-1,-1
201,8,1608,714,113,89,1,-1,-1,-1
201,11,1731,346,66,60,1,-1,-1,-1
201,13,1587,306,25,18,1,-1,-1,-1
201,21,2355,358,116,74,1,-1,-1,-1
201,24,913,609,136,51,1,-1,-1,-1
202,5,1310,844,117,113,1,-1,-1,-1
202,6,599,606,132,51,1,-1,-1,-1
202,7,888,681,135,68,1,-1,-1,-1
202,8,1605,718,113,89,1,-1,-1,-1
202,11,1738,347,67,61,1,-1,-1,-1
202,13,1588,306,25,18,1,-1,-1,-1
202,21,2341,356,113,72,1,-1,-1,-1
202,24,903,608,136,52,1,-1,-1,-1
203,5,1316,853,117,119,1,-1,-1,-1
203,6,590,607,132,51,1,-1,-1,-1
203,7,898,681,138,71,1,-1,-1,-1
203,8,1602,722,113,89,1,-1,-1,-1
203,11,1744,349,69,61,1,-1,-1,-1
203,13,1590,306,25,18,1,-1,-1,-1
203,21,2327,354,111,70,1,-1,-1,-1
203,24,893,608,136,52,1,-1,-1,-1
204,5,1322,862,117,125,1,-1,-1,-1
204,6,581,608,132,52,1,-1,-1,-1
204,7,908,681,142,75,1,-1,-1,-1
204,8,1599,727,113,89,1,-1,-1,-1
204,11,1751,350,70,62,1,-1,-1,-1
204,13,1591,306,25,18,1,-1,-1,-1
204,21,2314,352,108,68,1,-1,-1,-1
204,24,883,608,136,52,1,-1,-1,-1
205,5,1326,871,117,126,1,-1,-1,-1
205,6,570,607,132,52,1,-1,-1,-1
205,7,918,681,145,75,1,-1,-1,-1
205,8,1596,729,113,89,1,-1,-1,-1
205,11,1757,352,72,62,1,-1,-1,-1
205,13,1593,306,25,18,1,-1,-1,-1
205,21,2300,350,106,66,1,-1,-1,-1
205,24,870,607,136,52,1,-1,-1,-1
206,5,1330,880,117,128,1,-1,-1,-1
206,6,560,607,132,52,1,-1,-1,-1
206,7,929,682,147,75,1,-1,-1,-1
206,8,1594,731,113,89,1,-1,-1,-1
206,11,1764,354,74,63,1,-1,-1,-1
206,13,1595,307,25,17,1,-1,-1,-1
206,21,2287,349,103,63,1,-1,-1,-1
206,24,857,606,136,52,1,-1,-1,-1
207,5,1334,890,118,128,1,-1,-1,-1
207,6,550,606,132,52,1,-1,-1,-1
207,7,940,682,150,76,1,-1,-1,-1
207,8,1592,733,113,89,1,-1,-1,-1
207,11,1771,355,76,64,1,-1,-1,-1
207,13,1597,305,25,17,1,-1,-1,-1
207,21,2274,345,101,63,1,-1,-1,-1
207,24,844,606,136,52,1,-1,-1,-1
208,5,1339,899,117,130,1,-1,-1,-1
208,6,540,606,132,52,1,-1,-1,-1
208,7,951,683,152,76,1,-1,-1,-1
208,8,1590,735,113,89,1,-1,-1,-1
208,11,1778,356,78,65,1,-1,-1,-1
208,13,1599,304,25,17,1,-1,-1,-1
208,21,2262,342,98,63,1,-1,-1,-1
208,24,832,605,136,52,1,-1,-1,-1
209,5,1343,909,118,130,1,-1,-1,-1
209,6,530,605,132,52,1,-1,-1,-1
209,7,962,683,155,77,1,-1,-1,-1
209,8,1588,737,113,89,1,-1,-1,-1
209,11,1785,358,80,66,1,-1,-1,-1
209,13,1601,303,25,17,1,-1,-1,-1
209,21,2249,339,96,63,1,-1,-1,-1
209,24,819,605,136,52,1,-1,-1,-1
210,5,1347,918,118,132,1,-1,-1,-1
210,6,520,605,132,52,1,-1,-1,-1
210,7,973,684,157,77,1,-1,-1,-1
210,8,1586,739,113,89,1,-1,-1,-1
210,11,1792,359,82,67,1,-1,-1,-1
210,13,1603,302,25,17,1,-1,-1,-1
210,21,2237,336,93,63,1,-1,-1,-1
210,24,806,604,136,52,1,-1,-1,-1
211,5,1352,928,118,133,1,-1,-1,-1
211,6,510,605,132,52,1,-1,-1,-1
211,7,984,685,160,77,1,-1,-1,-1
211,8,1584,742,113,89,1,-1,-1,-1
211,11,1799,360,84,68,1,-1,-1,-1
211,13,1605,300,25,18,1,-1,-1,-1
211,21,2224,332,91,63,1,-1,-1,-1
211,24,794,604,136,52,1,-1,-1,-1
212,5,1352,940,118,133,1,-1,-1,-1
212,6,498,597,132,52,1,-1,-1,-1
212,7,994,688,160,77,1,-1,-1,-1
212,8,1583,743,111,92,1,-1,-1,-1
212,11,1806,362,86,69,1,-1,-1,-1
212,13,1607,299,25,18,1,-1,-1,-1
212,21,2212,329,88,63,1,-1,-1,-1
212,24,785,599,136,52,1,-1,-1,-1
213,5,1356,948,121,140,1,-1,-1,-1
213,6,487,595,132,52,1,-1,-1,-1
213,7,1004,687,160,79,1,-1,-1,-1
213,8,1582,744,109,95,1,-1,-1,-1
213,11,1813,363,88,70,1,-1,-1,-1
213,13,1609,298,25,18,1,-1,-1,-1
213,21,2199,326,86,63,1,-1,-1,-1
213,24,772,597,136,52,1,-1,-1,-1
214,5,1361,957,123,146,1,-1,-1,-1
214,6,477,593,131,52,1,-1,-1,-1
214,7,1015,686,160,81,1,-1,-1,-1
214,8,1582,746,106,97,1,-1,-1,-1
214,11,1821,365,90,71,1,-1,-1,-1
214,13,1611,297,25,18,1,-1,-1,-1
214,21,2187,323,84,63,1,-1,-1,-1
214,24,759,595,136,52,1,-1,-1,-1
215,5,1366,966,125,153,1,-1,-1,-1
215,6,466,591,132,52,1,-1,-1,-1
215,7,1025,685,161,84,1,-1,-1,-1
215,8,1581,747,104,100,1,-1,-1,-1
215,11,1832,367,92,73,1,-1,-1,-1
215,13,1613,296,25,18,1,-1,-1,-1
215,21,2177,320,82,62,1,-1,-1,-1
215,24,747,593,136,52,1,-1,-1,-1
216,5,1371,975,127,159,1,-1,-1,-1
216,6,456,589,131,52,1,-1,-1,-1
216,7,1036,684,161,86,1,-1,-1,-1
216,8,1580,748,102,103,1,-1,-1,-1
216,11,1843,369,95,75,1,-1,-1,-1
216,13,1615,295,25,18,1,-1,-1,-1
216,21,2167,318,81,60,1,-1,-1,-1
216,24,734,591,136,52,1,-1,-1,-1
217,5,1376,984,130,166,1,-1,-1,-1
217,6,446,588,131,52,1,-1,-1,-1
217,7,1047,684,161,88,1,-1,-1,-1
217,8,1580,750,100,105,1,-1,-1,-1
217,11,1854,371,97,78,1,-1,-1,-1
217,13,1617,294,25,18,1,-1,-1,-1
217,21,2157,316,80,58,1,-1,-1,-1
217,24,722,590,136,52,1,-1,-1,-1
218,5,1387,999,130,166,1,-1,-1,-1
218,6,432,588,131,52,1,-1,-1,-1
218,7,1062,686,161,88,1,-1,-1,-1
218,8,1585,752,100,106,1,-1,-1,-1
218,11,1866,373,99,80,1,-1,-1,-1
218,13,1619,293,26,18,1,-1,-1,-1
218,21,2147,313,78,57,1,-1,-1,-1
218,24,720,589,136,53,1,-1,-1,-1
219,5,1392,1014,132,172,1,-1,-1,-1
219,6,422,586,131,53,1,-1,-1,-1
219,7,1073,687,160,88,1,-1,-1,-1
219,8,1587,754,98,106,1,-1,-1,-1
219,11,1877,375,101,83,1,-1,-1,-1
219,13,1621,292,26,18,1,-1,-1,-1
219,21,2137,311,77,55,1,-1,-1,-1
219,24,708,587,136,53,1,-1,-1,-1
220,5,1398,1030,134,178,1,-1,-1,-1
220,6,412,585,131,53,1,-1,-1,-1
220,7,1084,688,160,89,1,-1,-1,-1
220,8,1589,757,97,106,1,-1,-1,-1
220,11,1888,377,104,85,1,-1,-1,-1
220,13,1623,291,26,18,1,-1,-1,-1
220,21,2127,309,76,53,1,-1,-1,-1
220,24,696,586,136,53,1,-1,-1,-1
221,5,1404,1045,136,184,1,-1,-1,-1
221,6,402,584,131,53,1,-1,-1,-1
221,7,1095,689,160,90,1,-1,-1,-1
221,8,1591,759,96,106,1,-1,-1,-1
221,11,1900,380,106,87,1,-1,-1,-1
221,13,1626,290,26,18,1,-1,-1,-1
221,21,2118,307,74,52,1,-1,-1,-1
221,24,684,584,136,53,1,-1,-1,-1
222,5,1410,1061,138,190,1,-1,-1,-1
222,6,392,583,131,53,1,-1,-1,-1
222,7,1106,691,160,90,1,-1,-1,-1
222,8,1593,762,95,106,1,-1,-1,-1
222,11,1914,384,110,89,1,-1,-1,-1
222,13,1628,289,26,18,1,-1,-1,-1
222,21,2111,305,71,51,1,-1,-1,-1
222,24,672,583,136,53,1,-1,-1,-1
223,5,1416,1077,140,196,1,-1,-1,-1
223,6,382,582,131,53,1,-1,-1,-1
223,7,1118,692,159,91,1,-1,-1,-1
223,8,1595,765,94,105,1,-1,-1,-1
223,11,1929,388,114,91,1,-1,-1,-1
223,13,1630,288,26,18,1,-1,-1,-1
223,21,2105,303,68,51,1,-1,-1,-1
223,24,660,581,136,53,1,-1,-1,-1
224,5,1422,1092,142,202,1,-1,-1,-1
224,6,372,581,131,53,1,-1,-1,-1
224,7,1129,693,158,92,1,-1,-1,-1
224,8,1597,767,93,106,1,-1,-1,-1
224,11,1943,392,119,93,1,-1,-1,-1
224,13,1633,288,26,18,1,-1,-1,-1
224,21,2098,302,66,50,1,-1,-1,-1
224,24,648,580,136,53,1,-1,-1,-1
225,5,1428,1108,144,208,1,-1,-1,-1
225,6,362,580,131,53,1,-1,-1,-1
225,7,1140,695,158,92,1,-1,-1,-1
225,8,1599,770,92,105,1,-1,-1,-1
225,11,1958,397,123,94,1,-1,-1,-1
225,13,1635,287,26,18,1,-1,-1,-1
225,21,2092,300,63,50,1,-1,-1,-1
225,24,636,578,136,53,1,-1,-1,-1
226,5,1434,1123,146,214,1,-1,-1,-1
226,6,352,579,131,53,1,-1,-1,-1
226,7,1151,696,158,93,1,-1,-1,-1
226,8,1601,772,91,106,1,-1,-1,-1
226,11,1972,401,128,96,1,-1,-1,-1
226,13,1637,286,26,18,1,-1,-1,-1
226,21,2085,298,61,49,1,-1,-1,-1
226,24,624,577,136,53,1,-1,-1,-1
227,5,1440,1139,148,220,1,-1,-1,-1
227,6,342,578,131,53,1,-1,-1,-1
227,7,1162,697,158,94,1,-1,-1,-1
227,8,1603,775,90,105,1,-1,-1,-1
227,11,1987,405,132,98,1,-1,-1,-1
227,13,1640,286,26,18,1,-1,-1,-1
227,21,2079,297,58,48,1,-1,-1,-1
227,24,612,575,136,53,1,-1,-1,-1
228,5,1446,1155,150,226,1,-1,-1,-1
228,6,333,577,131,53,1,-1,-1,-1
228,7,1174,699,157,94,1,-1,-1,-1
228,8,1606,778,88,105,1,-1,-1,-1
228,11,2001,409,137,100,1,-1,-1,-1
228,13,1642,285,26,18,1,-1,-1,-1
228,21,2072,295,56,48,1,-1,-1,-1
228,24,600,574,136,53,1,-1,-1,-1
229,5,1453,1177,157,235,1,-1,-1,-1
229,6,326,575,131,53,1,-1,-1,-1
229,7,1186,702,156,95,1,-1,-1,-1
229,8,1610,780,88,108,1,-1,-1,-1
229,11,2016,414,141,101,1,-1,-1,-1
229,13,1645,285,26,18,1,-1,-1,-1
229,14,1542,281,23,17,1,-1,-1,-1
229,21,2066,294,53,47,1,-1,-1,-1
229,24,588,571,138,53,1,-1,-1,-1
230,5,1461,1200,163,244,1,-1,-1,-1
230,6,319,574,131,53,1,-1,-1,-1
230,7,1198,705,156,97,1,-1,-1,-1
230,8,1615,782,88,112,1,-1,-1,-1
230,11,2048,422,150,104,1,-1,-1,-1
230,13,1658,284,27,19,1,-1,-1,-1
230,14,1554,281,23,17,1,-1,-1,-1
230,21,2070,293,53,47,1,-1,-1,-1
230,24,577,569,140,53,1,-1,-1,-1
231,5,1468,1222,170,253,1,-1,-1,-1
231,6,312,572,131,53,1,-1,-1,-1
231,7,1210,708,156,99,1,-1,-1,-1
231,8,1620,784,88,115,1,-1,-1,-1
231,11,2080,430,160,108,1,-1,-1,-1
231,13,1672,284,27,20,1,-1,-1,-1
231,14,1567,281,22,17,1,-1,-1,-1
231,21,2074,293,53,47,1,-1,-1,-1
231,24,566,567,141,53,1,-1,-1,-1
232,5,1476,1245,177,262,1,-1,-1,-1
232,6,305,571,131,53,1,-1,-1,-1
232,7,1222,711,156,101,1,-1,-1,-1
232,8,1625,786,88,119,1,-1,-1,-1
232,11,2112,438,170,112,1,-1,-1,-1
232,13,1686,284,27,21,1,-1,-1,-1
232,14,1579,281,23,17,1,-1,-1,-1
232,21,2078,293,53,47,1,-1,-1,-1
232,24,555,565,143,53,1,-1,-1,-1
233,5,1492,1269,178,241,1,-1,-1,-1
233,6,312,569,131,53,1,-1,-1,-1
233,7,1240,717,156,101,1,-1,-1,-1
233,8,1638,795,88,119,1,-1,-1,-1
233,11,2144,446,179,115,1,-1,-1,-1
233,13,1700,284,27,22,1,-1,-1,-1
233,14,1592,281,22,17,1,-1,-1,-1
233,21,2082,292,53,47,1,-1,-1,-1
233,24,561,564,143,53,1,-1,-1,-1
234,5,1514,1300,178,210,1,-1,-1,-1
234,6,320,568,131,53,1,-1,-1,-1
234,7,1267,721,153,101,1,-1,-1,-1
234,8,1657,800,88,119,1,-1,-1,-1
234,11,2176,454,189,119,1,-1,-1,-1
234,13,1714,284,27,23,1,-1,-1,-1
234,14,1604,281,23,17,1,-1,-1,-1
234,21,2086,292,53,47,1,-1,-1,-1
234,24,567,563,143,53,1,-1,-1,-1
235,5,1536,1331,178,179,1,-1,-1,-1
235,6,327,567,131,53,1,-1,-1,-1
235,7,1295,725,149,101,1,-1,-1,-1
235,8,1677,805,88,119,1,-1,-1,-1
235,11,2208,462,199,123,1,-1,-1,-1
235,13,1728,284,27,24,1,-1,-1,-1
235,14,1617,281,22,17,1,-1,-1,-1
235,21,2090,292,53,47,1,-1,-1,-1
235,24,574,562,143,53,1,-1,-1,-1
236,5,1558,1362,178,148,1,-1,-1,-1
236,6,335,566,131,53,1,-1,-1,-1
236,7,1322,729,146,101,1,-1,-1,-1
236,8,1696,810,88,119,1,-1,-1,-1
236,11,2240,470,209,127,1,-1,-1,-1
236,13,1742,284,28,25,1,-1,-1,-1
236,14,1630,281,22,17,1,-1,-1,-1
236,20,1601,279,14,10,1,-1,-1,-1
236,21,2095,292,52,47,1,-1,-1,-1
236,22,1577,277,11,15,1,-1,-1,-1
236,24,580,561,143,53,1,-1,-1,-1
237,6,343,565,131,53,1,-1,-1,-1
237,7,1350,733,142,101,1,-1,-1,-1
237,8,1716,816,88,119,1,-1,-1,-1
237,11,2290,479,219,136,1,-1,-1,-1
237,12,0,619,107,77,1,-1,-1,-1
237,13,1764,285,28,25,1,-1,-1,-1
237,14,1652,281,22,17,1,-1,-1,-1
237,20,1622,279,14,10,1,-1,-1,-1
237,21,2110,292,52,47,1,-1,-1,-1
237,22,1596,277,12,14,1,-1,-1,-1
237,24,587,561,143,53,1,-1,-1,-1
238,6,354,560,131,53,1,-1,-1,-1
238,7,1376,736,142,101,1,-1,-1,-1
238,8,1733,819,96,130,1,-1,-1,-1
238,11,2341,488,228,146,1,-1,-1,-1
238,12,0,614,153,76,1,-1,-1,-1
238,13,1787,287,28,25,1,-1,-1,-1
238,14,1674,282,22,17,1,-1,-1,-1
238,20,1643,279,14,10,1,-1,-1,-1
238,21,2125,292,52,47,1,-1,-1,-1
238,22,1616,278,13,12,1,-1,-1,-1
238,24,595,561,143,53,1,-1,-1,-1
239,6,365,556,131,53,1,-1,-1,-1
239,7,1405,741,142,101,1,-1,-1,-1
239,8,1757,822,96,130,1,-1,-1,-1
239,11,2392,498,238,155,1,-1,-1,-1
239,12,37,612,156,75,1,-1,-1,-1
239,13,1810,289,28,25,1,-1,-1,-1
239,14,1696,283,22,17,1,-1,-1,-1
239,20,1665,280,14,10,1,-1,-1,-1
239,21,2140,292,52,47,1,-1,-1,-1
239,22,1636,279,14,11,1,-1,-1,-1
239,24,603,561,143,53,1,-1,-1,-1
240,6,357,555,131,53,1,-1,-1,-1
240,7,1420,743,141,110,1,-1,-1,-1
240,8,1769,828,96,131,1,-1,-1,-1
240,11,2445,511,236,165,1,-1,-1,-1
240,12,70,612,156,75,1,-1,-1,-1
240,13,1828,288,36,25,1,-1,-1,-1
240,14,1715,285,23,17,1,-1,-1,-1
240,20,1682,283,12,10,1,-1,-1,-1
240,21,2155,291,50,39,1,-1,-1,-1
240,22,1656,279,14,11,1,-1,-1,-1
240,24,596,559,142,53,1,-1,-1,-1
241,6,349,555,131,53,1,-1,-1,-1
241,7,1435,746,141,118,1,-1,-1,-1
241,8,1781,835,96,131,1,-1,-1,-1
241,11,2482,525,201,171,1,-1,-1,-1
241,12,104,612,155,75,1,-1,-1,-1
241,13,1832,288,36,25,1,-1,-1,-1
241,14,1717,285,23,17,1,-1,-1,-1
241,20,1685,283,12,10,1,-1,-1,-1
241,21,2150,291,50,39,1,-1,-1,-1
241,22,1659,279,14,11,1,-1,-1,-1
241,24,589,558,141,52,1,-1,-1,-1
242,6,341,554,131,53,1,-1,-1,-1
242,7,1442,750,141,118,1,-1,-1,-1
242,8,1781,840,99,131,1,-1,-1,-1
242,12,126,613,155,75,1,-1,-1,-1
242,13,1836,288,36,25,1,-1,-1,-1
242,14,1719,285,23,17,1,-1,-1,-1
242,20,1689,283,12,10,1,-1,-1,-1
242,21,2146,291,50,39,1,-1,-1,-1
242,22,1662,279,14,11,1,-1,-1,-1
242,24,583,556,140,53,1,-1,-1,-1
243,6,333,554,131,53,1,-1,-1,-1
243,7,1449,755,141,118,1,-1,-1,-1
243,8,1782,846,101,130,1,-1,-1,-1
243,12,149,614,155,75,1,-1,-1,-1
243,13,1839,289,36,25,1,-1,-1,-1
243,14,1721,285,22,17,1,-1,-1,-1
243,20,1691,282,12,11,1,-1,-1,-1
243,21,2139,291,50,38,1,-1,-1,-1
243,22,1664,279,13,11,1,-1,-1,-1
243,24,576,555,139,52,1,-1,-1,-1
244,6,325,553,131,53,1,-1,-1,-1
244,7,1456,759,141,118,1,-1,-1,-1
244,8,1783,851,103,130,1,-1,-1,-1
244,12,171,615,155,75,1,-1,-1,-1
244,13,1843,291,36,25,1,-1,-1,-1
244,14,1724,285,21,17,1,-1,-1,-1
244,20,1693,282,12,12,1,-1,-1,-1
244,21,2132,292,50,37,1,-1,-1,-1
244,22,1666,279,13,12,1,-1,-1,-1
244,24,569,553,138,52,1,-1,-1,-1
245,6,317,553,131,53,1,-1,-1,-1
245,7,1464,764,141,118,1,-1,-1,-1
245,8,1784,857,106,130,1,-1,-1,-1
245,12,194,617,155,75,1,-1,-1,-1
245,13,1849,290,36,26,1,-1,-1,-1
245,14,1729,284,20,17,1,-1,-1,-1
245,20,1696,282,12,12,1,-1,-1,-1
245,21,2128,292,50,36,1,-1,-1,-1
245,22,1668,279,13,12,1,-1,-1,-1
245,24,563,552,137,52,1,-1,-1,-1
246,6,306,550,131,53,1,-1,-1,-1
246,7,1472,771,141,118,1,-1,-1,-1
246,8,1787,863,109,130,1,-1,-1,-1
246,12,211,617,155,75,1,-1,-1,-1
246,13,1855,290,37,26,1,-1,-1,-1
246,14,1734,284,20,17,1,-1,-1,-1
246,20,1698,282,12,13,1,-1,-1,-1
246,21,2125,292,50,36,1,-1,-1,-1
246,22,1670,279,13,13,1,-1,-1,-1
246,24,555,552,137,52,1,-1,-1,-1
247,6,296,548,131,53,1,-1,-1,-1
247,7,1480,779,142,118,1,-1,-1,-1
247,8,1790,870,112,130,1,-1,-1,-1
247,9,1,601,68,57,1,-1,-1,-1
247,12,228,617,155,75,1,-1,-1,-1
247,13,1861,289,38,27,1,-1,-1,-1
247,14,1739,284,19,17,1,-1,-1,-1
247,20,1700,282,12,13,1,-1,-1,-1
247,21,2121,292,50,36,1,-1,-1,-1
247,22,1672,279,13,13,1,-1,-1,-1
247,24,547,552,137,52,1,-1,-1,-1
248,6,299,546,131,53,1,-1,-1,-1
248,7,1499,783,141,121,1,-1,-1,-1
248,8,1806,875,115,136,1,-1,-1,-1
248,9,0,600,129,65,1,-1,-1,-1
248,12,268,617,155,75,1,-1,-1,-1
248,13,1867,289,39,28,1,-1,-1,-1
248,14,1744,284,19,17,1,-1,-1,-1
248,20,1703,282,12,14,1,-1,-1,-1
248,21,2118,292,50,36,1,-1,-1,-1
248,22,1674,279,13,14,1,-1,-1,-1
248,24,553,549,131,52,1,-1,-1,-1
249,6,303,545,131,53,1,-1,-1,-1
249,7,1518,787,141,125,1,-1,-1,-1
249,8,1823,881,118,142,1,-1,-1,-1
249,9,6,594,162,64,1,-1,-1,-1
249,12,309,617,155,75,1,-1,-1,-1
249,13,1893,291,39,28,1,-1,-1,-1
249,14,1767,285,20,17,1,-1,-1,-1
249,20,1726,283,13,15,1,-1,-1,-1
249,21,2138,292,50,36,1,-1,-1,-1
249,22,1697,279,13,16,1,-1,-1,-1
249,24,560,546,125,52,1,-1,-1,-1
250,6,318,543,131,53,1,-1,-1,-1
250,7,1551,797,141,125,1,-1,-1,-1
250,8,1851,893,118,142,1,-1,-1,-1
250,9,52,595,161,64,1,-1,-1,-1
250,12,361,625,155,75,1,-1,-1,-1
250,13,1920,293,39,28,1,-1,-1,-1
250,14,1791,286,20,17,1,-1,-1,-1
250,20,1749,284,14,16,1,-1,-1,-1
250,21,2158,292,51,36,1,-1,-1,-1
250,22,1721,280,13,17,1,-1,-1,-1
250,24,574,548,125,52,1,-1,-1,-1
251,6,334,542,131,53,1,-1,-1,-1
251,7,1585,808,141,125,1,-1,-1,-1
251,8,1879,906,118,142,1,-1,-1,-1
251,9,98,596,161,64,1,-1,-1,-1
251,12,413,634,155,75,1,-1,-1,-1
251,13,1947,296,39,28,1,-1,-1,-1
251,14,1815,288,21,17,1,-1,-1,-1
251,20,1772,285,15,18,1,-1,-1,-1
251,21,2178,293,52,36,1,-1,-1,-1
251,22,1745,281,13,18,1,-1,-1,-1
251,24,589,550,125,52,1,-1,-1,-1
252,6,351,544,131,53,1,-1,-1,-1
252,7,1607,814,141,125,1,-1,-1,-1
252,8,1905,922,119,142,1,-1,-1,-1
252,9,151,593,161,64,1,-1,-1,-1
252,12,473,632,155,76,1,-1,-1,-1
252,13,1975,294,39,29,1,-1,-1,-1
252,14,1842,289,20,17,1,-1,-1,-1
252,20,1796,286,13,17,1,-1,-1,-1
252,21,2198,293,52,35,1,-1,-1,-1
252,22,1770,282,13,17,1,-1,-1,-1
252,24,608,547,125,53,1,-1,-1,-1
253,6,354,542,131,53,1,-1,-1,-1
253,7,1622,821,141,127,1,-1,-1,-1
253,8,1916,924,124,149,1,-1,-1,-1
253,9,177,594,161,64,1,-1,-1,-1
253,12,488,627,155,76,1,-1,-1,-1
253,13,2004,293,39,29,1,-1,-1,-1
253,14,1869,291,20,17,1,-1,-1,-1
253,20,1820,287,12,17,1,-1,-1,-1
253,21,2219,293,52,34,1,-1,-1,-1
253,22,1796,283,12,17,1,-1,-1,-1
253,24,606,545,125,53,1,-1,-1,-1
254,6,357,541,131,53,1,-1,-1,-1
254,7,1638,828,141,129,1,-1,-1,-1
254,8,1928,927,129,156,1,-1,-1,-1
254,9,203,596,161,64,1,-1,-1,-1
254,12,504,622,155,76,1,-1,-1,-1
254,13,2016,303,41,30,1,-1,-1,-1
254,14,1877,291,18,16,1,-1,-1,-1
254,20,1831,288,13,17,1,-1,-1,-1
254,21,2225,294,52,35,1,-1,-1,-1
254,22,1798,283,12,17,1,-1,-1,-1
254,24,604,543,125,53,1,-1,-1,-1
255,6,344,539,131,53,1,-1,-1,-1
255,7,1642,833,139,131,1,-1,-1,-1
255,8,1930,935,130,157,1,-1,-1,-1
255,9,216,596,161,64,1,-1,-1,-1
255,12,524,623,155,76,1,-1,-1,-1
255,13,2019,301,41,31,1,-1,-1,-1
255,14,1879,290,18,17,1,-1,-1,-1
255,20,1831,286,13,17,1,-1,-1,-1
255,21,2219,294,52,35,1,-1,-1,-1
255,22,1798,282,13,18,1,-1,-1,-1
255,24,593,541,125,53,1,-1,-1,-1
256,6,332,538,131,53,1,-1,-1,-1
256,7,1647,838,136,134,1,-1,-1,-1
256,8,1932,943,131,159,1,-1,-1,-1
256,9,230,596,161,64,1,-1,-1,-1
256,12,545,625,155,76,1,-1,-1,-1
256,13,2022,300,42,31,1,-1,-1,-1
256,14,1881,290,19,17,1,-1,-1,-1
256,20,1831,284,14,17,1,-1,-1,-1
256,21,2214,294,51,35,1,-1,-1,-1
256,22,1799,282,13,18,1,-1,-1,-1
256,24,583,540,125,53,1,-1,-1,-1
257,6,319,536,131,53,1,-1,-1,-1
257,7,1651,843,134,137,1,-1,-1,-1
257,8,1934,951,132,160,1,-1,-1,-1
257,9,244,596,161,64,1,-1,-1,-1
257,12,565,626,155,76,1,-1,-1,-1
257,13,2025,299,43,31,1,-1,-1,-1
257,14,1884,290,19,17,1,-1,-1,-1
257,20,1832,283,14,17,1,-1,-1,-1
257,21,2209,295,50,35,1,-1,-1,-1
257,22,1800,282,14,19,1,-1,-1,-1
257,24,572,538,125,53,1,-1,-1,-1
258,6,307,535,131,53,1,-1,-1,-1
258,7,1656,849,132,139,1,-1,-1,-1
258,8,1937,960,133,161,1,-1,-1,-1
258,9,258,596,161,64,1,-1,-1,-1
258,12,586,628,155,76,1,-1,-1,-1
258,13,2030,299,43,31,1,-1,-1,-1
258,14,1886,289,20,17,1,-1,-1,-1
258,20,1833,283,14,17,1,-1,-1,-1
258,21,2205,293,50,35,1,-1,-1,-1
258,22,1801,281,14,19,1,-1,-1,-1
258,24,562,537,125,53,1,-1,-1,-1
259,6,295,534,131,53,1,-1,-1,-1
259,7,1660,856,132,140,1,-1,-1,-1
259,8,1940,968,134,163,1,-1,-1,-1
259,9,273,597,161,64,1,-1,-1,-1
259,12,606,628,155,76,1,-1,-1,-1
259,13,2035,299,43,31,1,-1,-1,-1
259,14,1889,288,20,18,1,-1,-1,-1
259,20,1835,283,13,17,1,-1,-1,-1
259,21,2201,292,50,35,1,-1,-1,-1
259,22,1802,281,14,19,1,-1,-1,-1
259,24,550,536,125,53,1,-1,-1,-1
260,6,283,533,131,53,1,-1,-1,-1
260,7,1665,863,131,141,1,-1,-1,-1
260,8,1943,976,136,165,1,-1,-1,-1
260,9,289,598,161,65,1,-1,-1,-1
260,12,627,628,155,76,1,-1,-1,-1
260,13,2041,299,42,31,1,-1,-1,-1
260,14,1891,288,22,18,1,-1,-1,-1
260,20,1836,283,14,17,1,-1,-1,-1
260,21,2198,290,50,36,1,-1,-1,-1
260,22,1803,280,14,19,1,-1,-1,-1
260,24,539,536,125,53,1,-1,-1,-1
261,6,271,532,131,53,1,-1,-1,-1
261,7,1670,870,130,142,1,-1,-1,-1
261,8,1946,984,137,167,1,-1,-1,-1
261,9,304,599,161,65,1,-1,-1,-1
261,12,648,628,155,76,1,-1,-1,-1
261,13,2046,299,43,31,1,-1,-1,-1
261,14,1894,287,22,19,1,-1,-1,-1
261,20,1838,283,13,17,1,-1,-1,-1
261,21,2194,289,50,36,1,-1,-1,-1
261,22,1804,280,14,19,1,-1,-1,-1
261,24,527,536,125,53,1,-1,-1,-1
262,6,259,532,131,53,1,-1,-1,-1
262,7,1675,877,130,144,1,-1,-1,-1
262,8,1949,993,139,168,1,-1,-1,-1
262,9,320,601,161,65,1,-1,-1,-1
262,12,669,628,155,76,1,-1,-1,-1
262,13,2051,299,43,31,1,-1,-1,-1
262,14,1897,286,22,19,1,-1,-1,-1
262,20,1839,283,13,17,1,-1,-1,-1
262,21,2190,288,50,35,1,-1,-1,-1
262,22,1805,279,14,20,1,-1,-1,-1
262,24,516,536,125,53,1,-1,-1,-1
263,6,250,531,131,53,1,-1,-1,-1
263,7,1681,886,130,148,1,-1,-1,-1
263,8,1955,1003,142,173,1,-1,-1,-1
263,9,338,601,158,65,1,-1,-1,-1
263,12,691,628,155,76,1,-1,-1,-1
263,13,2057,299,42,31,1,-1,-1,-1
263,14,1899,286,24,19,1,-1,-1,-1
263,20,1841,283,13,17,1,-1,-1,-1
263,21,2187,286,50,36,1,-1,-1,-1
263,22,1806,279,14,19,1,-1,-1,-1
263,24,508,535,125,53,1,-1,-1,-1
264,6,242,530,131,53,1,-1,-1,-1
264,7,1687,895,131,153,1,-1,-1,-1
264,8,1961,1013,145,179,1,-1,-1,-1
264,9,356,601,156,65,1,-1,-1,-1
264,12,713,628,155,76,1,-1,-1,-1
264,13,2062,299,42,31,1,-1,-1,-1
264,14,1902,285,24,20,1,-1,-1,-1
264,20,1842,283,13,17,1,-1,-1,-1
264,21,2183,285,50,36,1,-1,-1,-1
264,22,1807,278,14,20,1,-1,-1,-1
264,24,500,534,125,53,1,-1,-1,-1
265,6,233,529,131,53,1,-1,-1,-1
265,7,1694,905,130,156,1,-1,-1,-1
265,8,1967,1023,148,185,1,-1,-1,-1
265,9,375,601,153,65,1,-1,-1,-1
265,12,735,628,155,76,1,-1,-1,-1
265,13,2068,299,42,31,1,-1,-1,-1
265,14,1905,285,25,20,1,-1,-1,-1
265,20,1844,283,13,18,1,-1,-1,-1
265,21,2180,284,50,36,1,-1,-1,-1
265,22,1809,278,13,20,1,-1,-1,-1
265,24,492,534,125,53,1,-1,-1,-1
266,6,225,528,131,53,1,-1,-1,-1
266,7,1700,914,131,161,1,-1,-1,-1
266,8,1973,1033,151,191,1,-1,-1,-1
266,9,393,601,151,65,1,-1,-1,-1
266,12,757,628,155,76,1,-1,-1,-1
266,13,2076,299,43,32,1,-1,-1,-1
266,14,1910,285,25,20,1,-1,-1,-1
266,20,1848,282,13,18,1,-1,-1,-1
266,21,2180,283,48,36,1,-1,-1,-1
266,22,1812,278,13,20,1,-1,-1,-1
266,24,484,533,125,53,1,-1,-1,-1
267,6,217,527,131,53,1,-1,-1,-1
267,7,1707,924,131,165,1,-1,-1,-1
267,8,1979,1044,154,196,1,-1,-1,-1
267,9,412,601,148,65,1,-1,-1,-1
267,12,780,629,155,76,1,-1,-1,-1
267,13,2085,299,44,33,1,-1,-1,-1
267,14,1915,286,25,20,1,-1,-1,-1
267,20,1852,281,13,18,1,-1,-1,-1
267,21,2181,282,46,36,1,-1,-1,-1
267,22,1815,278,13,20,1,-1,-1,-1
267,24,476,533,125,53,1,-1,-1,-1
268,6,208,525,131,53,1,-1,-1,-1
268,7,1708,934,131,168,1,-1,-1,-1
268,8,1990,1056,157,201,1,-1,-1,-1
268,9,427,604,148,65,1,-1,-1,-1
268,12,799,630,155,76,1,-1,-1,-1
268,13,2093,299,46,34,1,-1,-1,-1
268,14,1920,286,25,20,1,-1,-1,-1
268,20,1856,280,13,18,1,-1,-1,-1
268,21,2182,282,43,36,1,-1,-1,-1
268,22,1818,278,13,20,1,-1,-1,-1
268,24,466,531,125,53,1,-1,-1,-1
269,6,199,523,131,53,1,-1,-1,-1
269,7,1710,945,131,171,1,-1,-1,-1
269,8,2001,1069,161,205,1,-1,-1,-1
269,9,442,607,148,65,1,-1,-1,-1
269,12,818,631,155,77,1,-1,-1,-1
269,13,2102,299,46,35,1,-1,-1,-1
269,14,1925,287,26,20,1,-1,-1,-1
269,20,1860,279,13,18,1,-1,-1,-1
269,21,2183,281,41,36,1,-1,-1,-1
269,22,1822,279,13,20,1,-1,-1,-1
269,24,456,529,125,53,1,-1,-1,-1
270,6,189,521,131,53,1,-1,-1,-1
270,7,1712,955,131,174,1,-1,-1,-1
270,8,2004,1081,164,209,1,-1,-1,-1
270,9,457,611,148,65,1,-1,-1,-1
270,12,837,633,155,76,1,-1,-1,-1
270,13,2110,299,48,36,1,-1,-1,-1
270,14,1930,287,26,20,1,-1,-1,-1
270,20,1864,278,13,18,1,-1,-1,-1
270,21,2184,281,38,36,1,-1,-1,-1
270,22,1825,279,13,20,1,-1,-1,-1
270,24,446,527,125,53,1,-1,-1,-1
271,6,180,519,131,53,1,-1,-1,-1
271,7,1714,966,130,177,1,-1,-1,-1
271,8,2008,1094,166,213,1,-1,-1,-1
271,9,472,614,148,65,1,-1,-1,-1
271,12,856,634,155,77,1,-1,-1,-1
271,13,2119,299,49,37,1,-1,-1,-1
271,14,1935,288,26,20,1,-1,-1,-1
271,20,1868,277,13,18,1,-1,-1,-1
271,21,2185,280,36,36,1,-1,-1,-1
271,22,1828,279,13,20,1,-1,-1,-1
271,24,436,525,125,53,1,-1,-1,-1
272,6,171,517,131,53,1,-1,-1,-1
272,7,1716,976,130,180,1,-1,-1,-1
272,8,2011,1106,169,217,1,-1,-1,-1
272,9,487,617,148,65,1,-1,-1,-1
272,12,875,635,155,77,1,-1,-1,-1
272,13,2128,300,50,37,1,-1,-1,-1
272,14,1941,289,26,20,1,-1,-1,-1
272,20,1872,276,13,18,1,-1,-1,-1
272,21,2186,280,34,36,1,-1,-1,-1
272,22,1832,280,13,20,1,-1,-1,-1
272,24,426,523,125,53,1,-1,-1,-1
273,6,159,520,131,53,1,-1,-1,-1
273,7,1718,987,130,183,1,-1,-1,-1
273,8,2015,1119,171,221,1,-1,-1,-1
273,9,502,621,148,65,1,-1,-1,-1
273,12,894,637,155,77,1,-1,-1,-1
273,13,2135,301,51,37,1,-1,-1,-1
273,14,1943,288,27,20,1,-1,-1,-1
273,20,1872,275,13,18,1,-1,-1,-1
273,21,2182,279,34,36,1,-1,-1,-1
273,22,1831,279,14,20,1,-1,-1,-1
273,24,416,521,125,53,1,-1,-1,-1
274,6,145,517,131,53,1,-1,-1,-1
274,7,1718,999,131,189,1,-1,-1,-1
274,8,2022,1135,172,224,1,-1,-1,-1
274,9,531,616,148,65,1,-1,-1,-1
274,12,913,636,155,77,1,-1,-1,-1
274,13,2143,302,51,37,1,-1,-1,-1
274,14,1946,288,28,20,1,-1,-1,-1
274,20,1873,275,13,17,1,-1,-1,-1
274,21,2179,278,34,36,1,-1,-1,-1
274,22,1831,279,14,20,1,-1,-1,-1
274,24,406,520,124,49,1,-1,-1,-1
275,6,132,514,131,53,1,-1,-1,-1
275,7,1719,1011,131,195,1,-1,-1,-1
275,8,2030,1152,172,227,1,-1,-1,-1
275,9,560,612,148,65,1,-1,-1,-1
275,12,932,636,155,77,1,-1,-1,-1
275,13,2151,303,51,37,1,-1,-1,-1
275,14,1949,288,29,20,1,-1,-1,-1
275,20,1874,274,13,18,1,-1,-1,-1
275,21,2176,277,34,36,1,-1,-1,-1
275,22,1831,278,14,20,1,-1,-1,-1
275,24,396,520,123,45,1,-1,-1,-1
276,6,122,514,131,53,1,-1,-1,-1
276,7,1719,1025,135,199,1,-1,-1,-1
276,8,2032,1166,178,235,1,-1,-1,-1
276,9,576,612,148,65,1,-1,-1,-1
276,12,944,636,155,77,1,-1,-1,-1
276,13,2159,304,52,37,1,-1,-1,-1
276,14,1952,287,30,21,1,-1,-1,-1
276,20,1874,274,14,17,1,-1,-1,-1
276,21,2172,276,34,36,1,-1,-1,-1
276,22,1831,278,14,20,1,-1,-1,-1
276,24,383,519,123,45,1,-1,-1,-1
277,6,112,514,131,53,1,-1,-1,-1
277,7,1719,1039,139,204,1,-1,-1,-1
277,8,2034,1180,185,243,1,-1,-1,-1
277,9,593,612,148,65,1,-1,-1,-1
277,12,957,636,155,77,1,-1,-1,-1
277,13,2167,305,52,37,1,-1,-1,-1
277,14,1955,287,31,21,1,-1,-1,-1
277,20,1875,273,14,18,1,-1,-1,-1
277,21,2169,275,34,36,1,-1,-1,-1
277,22,1830,277,15,20,1,-1,-1,-1
277,24,370,519,124,45,1,-1,-1,-1
278,6,102,514,131,53,1,-1,-1,-1
278,7,1719,1053,143,209,1,-1,-1,-1
278,8,2037,1194,191,251,1,-1,-1,-1
278,9,610,612,148,65,1,-1,-1,-1
278,12,970,637,155,77,1,-1,-1,-1
278,13,2175,306,52,37,1,-1,-1,-1
278,14,1958,287,32,21,1,-1,-1,-1
278,20,1876,273,14,17,1,-1,-1,-1
278,21,2166,275,34,36,1,-1,-1,-1
278,22,1830,277,16,20,1,-1,-1,-1
278,23,0,575,105,58,1,-1,-1,-1
278,24,358,519,124,45,1,-1,-1,-1
279,6,89,512,131,51,1,-1,-1,-1
279,7,1718,1069,145,216,1,-1,-1,-1
279,8,2044,1213,193,253,1,-1,-1,-1
279,9,618,612,151,65,1,-1,-1,-1
279,12,990,637,155,77,1,-1,-1,-1
279,13,2182,307,53,37,1,-1,-1,-1
279,14,1961,286,32,22,1,-1,-1,-1
279,20,1876,272,15,18,1,-1,-1,-1
279,21,2162,274,34,36,1,-1,-1,-1
279,22,1830,276,16,20,1,-1,-1,-1
279,23,0,574,122,58,1,-1,-1,-1
279,24,347,517,125,45,1,-1,-1,-1
280,6,76,510,131,50,1,-1,-1,-1
280,7,1718,1085,147,223,1,-1,-1,-1
280,8,2051,1232,195,255,1,-1,-1,-1
280,9,627,613,153,65,1,-1,-1,-1
280,12,1010,637,155,77,1,-1,-1,-1
280,13,2190,308,54,37,1,-1,-1,-1
280,14,1964,286,33,22,1,-1,-1,-1
280,20,1877,272,15,17,1,-1,-1,-1
280,21,2159,273,34,36,1,-1,-1,-1
280,22,1830,276,16,20,1,-1,-1,-1
280,23,1,573,138,58,1,-1,-1,-1
280,24,337,516,125,45,1,-1,-1,-1
281,6,63,508,131,49,1,-1,-1,-1
281,7,1718,1101,149,231,1,-1,-1,-1
281,8,2059,1251,196,257,1,-1,-1,-1
281,9,636,614,156,65,1,-1,-1,-1
281,12,1030,637,155,77,1,-1,-1,-1
281,13,2198,309,54,38,1,-1,-1,-1
281,14,1967,286,34,22,1,-1,-1,-1
281,20,1878,271,15,18,1,-1,-1,-1
281,21,2156,272,34,36,1,-1,-1,-1
281,22,1830,275,16,20,1,-1,-1,-1
281,23,2,573,154,57,1,-1,-1,-1
281,24,327,515,125,45,1,-1,-1,-1
282,6,53,508,130,48,1,-1,-1,-1
282,7,1718,1119,151,238,1,-1,-1,-1
282,8,2063,1270,202,236,1,-1,-1,-1
282,9,650,615,156,65,1,-1,-1,-1
282,12,1046,638,155,77,1,-1,-1,-1
282,13,2206,310,54,38,1,-1,-1,-1
282,14,1970,285,35,23,1,-1,-1,-1
282,20,1878,271,16,17,1,-1,-1,-1
282,21,2152,271,34,36,1,-1,-1,-1
282,22,1829,275,17,20,1,-1,-1,-1
282,23,20,573,154,57,1,-1,-1,-1
282,24,315,513,125,45,1,-1,-1,-1
283,6,43,508,128,47,1,-1,-1,-1
283,7,1718,1137,154,246,1,-1,-1,-1
283,8,2068,1290,208,215,1,-1,-1,-1
283,9,665,616,156,65,1,-1,-1,-1
283,12,1062,639,155,77,1,-1,-1,-1
283,13,2214,311,55,38,1,-1,-1,-1
283,14,1973,285,36,23,1,-1,-1,-1
283,20,1879,270,16,17,1,-1,-1,-1
283,21,2149,270,34,36,1,-1,-1,-1
283,22,1829,274,17,20,1,-1,-1,-1
283,23,38,574,154,57,1,-1,-1,-1
283,24,303,511,125,45,1,-1,-1,-1
284,6,33,508,126,47,1,-1,-1,-1
284,7,1718,1155,157,254,1,-1,-1,-1
284,8,2073,1310,213,194,1,-1,-1,-1
284,9,680,617,156,65,1,-1,-1,-1
284,12,1078,640,155,77,1,-1,-1,-1
284,13,2222,312,55,38,1,-1,-1,-1
284,14,1976,285,37,23,1,-1,-1,-1
284,20,1880,270,16,17,1,-1,-1,-1
284,21,2146,270,34,36,1,-1,-1,-1
284,22,1829,274,18,20,1,-1,-1,-1
284,23,56,574,154,57,1,-1,-1,-1
284,24,291,509,125,45,1,-1,-1,-1
285,6,23,509,124,46,1,-1,-1,-1
285,7,1718,1173,160,262,1,-1,-1,-1
285,9,695,618,156,65,1,-1,-1,-1
285,12,1095,641,155,77,1,-1,-1,-1
285,13,2229,313,56,38,1,-1,-1,-1
285,14,1979,284,37,24,1,-1,-1,-1
285,20,1880,269,17,17,1,-1,-1,-1
285,21,2142,269,34,36,1,-1,-1,-1
285,22,1829,273,18,20,1,-1,-1,-1
285,23,74,575,154,57,1,-1,-1,-1
285,24,279,508,125,45,1,-1,-1,-1
286,6,12,509,124,46,1,-1,-1,-1
286,7,1718,1197,168,273,1,-1,-1,-1
286,9,709,619,156,65,1,-1,-1,-1
286,12,1112,643,155,77,1,-1,-1,-1
286,13,2237,314,56,38,1,-1,-1,-1
286,14,1982,284,38,24,1,-1,-1,-1
286,20,1881,269,17,17,1,-1,-1,-1
286,21,2139,268,34,36,1,-1,-1,-1
286,22,1828,273,19,20,1,-1,-1,-1
286,23,90,576,154,58,1,-1,-1,-1
286,24,267,507,125,45,1,-1,-1,-1
287,6,0,509,125,46,1,-1,-1,-1
287,7,1718,1221,177,285,1,-1,-1,-1
287,9,723,621,156,65,1,-1,-1,-1
287,12,1129,646,155,77,1,-1,-1,-1
287,13,2245,315,57,38,1,-1,-1,-1
287,14,1985,284,39,24,1,-1,-1,-1
287,20,1882,268,17,17,1,-1,-1,-1
287,21,2136,267,34,36,1,-1,-1,-1
287,22,1828,272,19,20,1,-1,-1,-1
287,23,106,578,154,58,1,-1,-1,-1
287,24,255,507,125,45,1,-1,-1,-1
288,6,0,508,112,46,1,-1,-1,-1
288,7,1719,1246,177,261,1,-1,-1,-1
288,9,743,622,156,65,1,-1,-1,-1
288,12,1141,646,155,77,1,-1,-1,-1
288,13,2253,316,57,38,1,-1,-1,-1
288,14,1988,283,40,25,1,-1,-1,-1
288,20,1882,268,18,17,1,-1,-1,-1
288,21,2132,266,34,36,1,-1,-1,-1
288,22,1828,272,19,20,1,-1,-1,-1
288,23,123,579,154,59,1,-1,-1,-1
288,24,243,506,125,45,1,-1,-1,-1
289,6,0,507,99,46,1,-1,-1,-1
289,7,1720,1272,177,237,1,-1,-1,-1
289,9,763,623,156,65,1,-1,-1,-1
289,12,1153,646,155,77,1,-1,-1,-1
289,13,2261,317,57,38,1,-1,-1,-1
289,14,1991,283,41,25,1,-1,-1,-1
289,20,1883,267,18,17,1,-1,-1,-1
289,21,2129,265,34,36,1,-1,-1,-1
289,22,1828,271,19,20,1,-1,-1,-1
289,23,140,581,154,59,1,-1,-1,-1
289,24,231,505,125,45,1,-1,-1,-1
290,7,1722,1298,177,213,1,-1,-1,-1
290,9,783,625,156,65,1,-1,-1,-1
290,12,1165,646,155,77,1,-1,-1,-1
290,13,2269,318,58,39,1,-1,-1,-1
290,14,1994,283,42,25,1,-1,-1,-1
290,20,1884,267,18,17,1,-1,-1,-1
290,21,2126,265,34,36,1,-1,-1,-1
290,22,1828,271,20,20,1,-1,-1,-1
290,23,157,583,154,59,1,-1,-1,-1
290,24,219,504,125,45,1,-1,-1,-1
291,7,1720,1328,177,182,1,-1,-1,-1
291,9,803,626,156,65,1,-1,-1,-1
291,12,1177,646,155,77,1,-1,-1,-1
291,13,2278,319,61,40,1,-1,-1,-1
291,14,1998,283,43,25,1,-1,-1,-1
291,20,1885,266,18,17,1,-1,-1,-1
291,21,2123,265,34,36,1,-1,-1,-1
291,22,1829,270,20,20,1,-1,-1,-1
291,23,175,583,154,59,1,-1,-1,-1
291,24,205,505,125,45,1,-1,-1,-1
292,9,823,628,156,65,1,-1,-1,-1
292,12,1189,646,155,77,1,-1,-1,-1
292,13,2288,320,64,42,1,-1,-1,-1
292,14,2003,284,43,25,1,-1,-1,-1
292,20,1887,266,18,17,1,-1,-1,-1
292,21,2121,265,34,36,1,-1,-1,-1
292,22,1831,270,20,20,1,-1,-1,-1
292,23,193,583,154,59,1,-1,-1,-1
292,24,191,506,125,46,1,-1,-1,-1
293,9,851,634,156,65,1,-1,-1,-1
293,12,1207,648,155,77,1,-1,-1,-1
293,13,2298,322,66,43,1,-1,-1,-1
293,14,2007,285,44,24,1,-1,-1,-1
293,20,1889,266,18,17,1,-1,-1,-1
293,21,2118,265,34,36,1,-1,-1,-1
293,22,1832,269,20,20,1,-1,-1,-1
293,23,210,586,154,59,1,-1,-1,-1
293,24,180,503,125,46,1,-1,-1,-1
294,9,879,640,156,65,1,-1,-1,-1
294,12,1226,651,155,77,1,-1,-1,-1
294,13,2308,323,69,45,1,-1,-1,-1
294,14,2012,286,45,24,1,-1,-1,-1
294,20,1890,266,18,17,1,-1,-1,-1
294,21,2116,265,34,36,1,-1,-1,-1
294,22,1834,269,20,20,1,-1,-1,-1
294,23,227,589,154,59,1,-1,-1,-1
294,24,169,500,125,46,1,-1,-1,-1
295,9,886,640,156,65,1,-1,-1,-1
295,12,1241,652,155,77,1,-1,-1,-1
295,13,2318,325,72,46,1,-1,-1,-1
295,14,2017,287,45,24,1,-1,-1,-1
295,20,1892,266,18,17,1,-1,-1,-1
295,21,2114,266,34,36,1,-1,-1,-1
295,22,1836,268,20,20,1,-1,-1,-1
295,23,244,587,154,59,1,-1,-1,-1
295,24,157,499,125,46,1,-1,-1,-1
296,9,893,640,156,65,1,-1,-1,-1
296,12,1256,653,155,77,1,-1,-1,-1
296,13,2328,326,74,47,1,-1,-1,-1
296,14,2021,287,46,24,1,-1,-1,-1
296,20,1894,266,18,17,1,-1,-1,-1
296,21,2111,266,34,36,1,-1,-1,-1
296,22,1837,268,20,20,1,-1,-1,-1
296,23,261,585,154,59,1,-1,-1,-1
296,24,146,498,125,46,1,-1,-1,-1
297,9,901,640,156,65,1,-1,-1,-1
297,12,1271,655,155,77,1,-1,-1,-1
297,13,2338,327,77,49,1,-1,-1,-1
297,14,2026,288,47,24,1,-1,-1,-1
297,20,1895,266,18,17,1,-1,-1,-1
297,21,2109,266,34,36,1,-1,-1,-1
297,22,1839,267,20,20,1,-1,-1,-1
297,23,278,584,154,59,1,-1,-1,-1
297,24,135,497,125,46,1,-1,-1,-1
298,9,919,644,156,65,1,-1,-1,-1
298,12,1286,655,155,77,1,-1,-1,-1
298,13,2348,329,79,50,1,-1,-1,-1
298,14,2030,289,48,23,1,-1,-1,-1
298,20,1897,266,18,17,1,-1,-1,-1
298,21,2106,266,34,36,1,-1,-1,-1
298,22,1840,267,20,20,1,-1,-1,-1
298,23,294,587,154,59,1,-1,-1,-1
298,24,122,497,125,46,1,-1,-1,-1
299,9,937,648,156,65,1,-1,-1,-1
299,12,1301,656,155,77,1,-1,-1,-1
299,13,2358,330,82,52,1,-1,-1,-1
299,14,2035,290,48,23,1,-1,-1,-1
299,20,1899,266,18,17,1,-1,-1,-1
299,21,2104,266,34,36,1,-1,-1,-1
299,22,1842,266,20,20,1,-1,-1,-1
299,23,311,590,154,59,1,-1,-1,-1
299,24,109,497,125,46,1,-1,-1,-1
300,9,945,651,156,65,1,-1,-1,-1
300,12,1315,657,155,83,1,-1,-1,-1
300,13,2368,332,85,53,1,-1,-1,-1
300,14,2040,291,49,23,1,-1,-1,-1
300,20,1901,266,18,17,1,-1,-1,-1
300,21,2102,267,34,36,1,-1,-1,-1
300,22,1844,266,20,20,1,-1,-1,-1
300,23,327,591,154,59,1,-1,-1,-1
300,24,98,497,125,47,1,-1,-1,-1
301,9,953,654,156,65,1,-1,-1,-1
301,12,1330,658,154,89,1,-1,-1,-1
301,13,2382,338,89,53,1,-1,-1,-1
301,14,2046,294,49,23,1,-1,-1,-1
301,20,1903,268,18,17,1,-1,-1,-1
301,21,2098,267,34,36,1,-1,-1,-1
301,22,1845,268,20,20,1,-1,-1,-1
301,23,344,592,154,59,1,-1,-1,-1
301,24,87,498,125,47,1,-1,-1,-1
302,9,961,658,156,65,1,-1,-1,-1
302,12,1343,661,153,90,1,-1,-1,-1
302,13,2397,344,89,55,1,-1,-1,-1
302,14,2048,293,53,30,1,-1,-1,-1
302,20,1902,272,20,19,1,-1,-1,-1
302,21,2094,268,31,29,1,-1,-1,-1
302,22,1843,277,19,18,1,-1,-1,-1
302,23,371,592,142,64,1,-1,-1,-1
302,24,77,497,123,45,1,-1,-1,-1
303,9,969,661,156,65,1,-1,-1,-1
303,12,1357,665,151,90,1,-1,-1,-1
303,13,2412,351,89,57,1,-1,-1,-1
303,14,2050,293,58,36,1,-1,-1,-1
303,20,1901,277,23,21,1,-1,-1,-1
303,21,2090,269,28,23,1,-1,-1,-1
303,22,1842,286,18,17,1,-1,-1,-1
303,23,399,593,129,68,1,-1,-1,-1
303,24,67,496,122,44,1,-1,-1,-1
304,9,977,665,156,65,1,-1,-1,-1
304,12,1366,686,151,90,1,-1,-1,-1
304,13,2421,371,98,57,1,-1,-1,-1
304,14,2057,309,53,37,1,-1,-1,-1
304,20,1901,282,25,23,1,-1,-1,-1
304,21,2083,285,28,23,1,-1,-1,-1
304,22,1841,296,17,15,1,-1,-1,-1
304,23,399,612,140,66,1,-1,-1,-1
304,24,54,516,122,44,1,-1,-1,-1
305,9,985,699,156,65,1,-1,-1,-1
305,12,1384,722,148,103,1,-1,-1,-1
305,13,2426,410,103,55,1,-1,-1,-1
305,14,2062,350,52,42,1,-1,-1,-1
305,20,1897,326,25,23,1,-1,-1,-1
305,21,2080,325,28,23,1,-1,-1,-1
305,22,1840,326,17,15,1,-1,-1,-1
305,23,408,655,148,65,1,-1,-1,-1
305,24,39,553,122,44,1,-1,-1,-1
306,9,989,741,156,65,1,-1,-1,-1
306,12,1392,765,148,103,1,-1,-1,-1
306,13,2445,453,101,63,1,-1,-1,-1
306,14,2063,389,52,42,1,-1,-1,-1
306,20,1897,368,25,23,1,-1,-1,-1
306,21,2073,365,28,23,1,-1,-1,-1
306,22,1837,373,17,15,1,-1,-1,-1
306,23,420,694,148,66,1,-1,-1,-1
306,24,30,594,122,44,1,-1,-1,-1
307,9,991,772,156,65,1,-1,-1,-1
307,12,1403,792,148,103,1,-1,-1,-1
307,13,2458,488,109,63,1,-1,-1,-1
307,14,2066,421,53,42,1,-1,-1,-1
307,20,1897,397,25,23,1,-1,-1,-1
307,21,2066,395,28,23,1,-1,-1,-1
307,22,1832,405,17,15,1,-1,-1,-1
307,23,444,721,148,66,1,-1,-1,-1
307,24,17,622,121,45,1,-1,-1,-1
