1,0,2353,1370,255,115,1,-1,-1,-1
1,1,1773,1448,229,81,1,-1,-1,-1
1,24,227,1162,194,212,1,-1,-1,-1
1,25,535,1126,118,136,1,-1,-1,-1
1,26,779,725,107,56,1,-1,-1,-1
1,27,803,627,61,44,1,-1,-1,-1
1,28,1228,731,68,49,1,-1,-1,-1
1,39,1220,535,140,90,1,-1,-1,-1
2,0,2336,1370,260,115,1,-1,-1,-1
2,1,1763,1458,229,71,1,-1,-1,-1
2,24,228,1172,194,203,1,-1,-1,-1
2,25,535,1126,117,137,1,-1,-1,-1
2,26,778,724,108,56,1,-1,-1,-1
2,27,802,627,62,44,1,-1,-1,-1
2,28,1228,730,68,49,1,-1,-1,-1
2,39,1217,536,141,88,1,-1,-1,-1
3,0,2319,1370,265,115,1,-1,-1,-1
3,1,1767,1466,211,63,1,-1,-1,-1
3,24,230,1182,193,194,1,-1,-1,-1
3,25,535,1127,117,137,1,-1,-1,-1
3,26,777,724,109,56,1,-1,-1,-1
3,27,802,627,63,44,1,-1,-1,-1
3,28,1228,729,68,49,1,-1,-1,-1
3,39,1215,537,141,86,1,-1,-1,-1
4,0,2313,1374,253,115,1,-1,-1,-1
4,1,1755,1466,199,63,1,-1,-1,-1
4,24,232,1192,193,186,1,-1,-1,-1
4,25,535,1128,116,137,1,-1,-1,-1
4,26,776,724,110,56,1,-1,-1,-1
4,27,802,628,64,44,1,-1,-1,-1
4,28,1228,728,68,49,1,-1,-1,-1
4,39,1213,539,141,84,1,-1,-1,-1
5,0,2299,1374,253,115,1,-1,-1,-1
5,1,1755,1478,187,51,1,-1,-1,-1
5,24,232,1184,193,192,1,-1,-1,-1
5,25,535,1129,116,137,1,-1,-1,-1
5,26,775,723,111,57,1,-1,-1,-1
5,27,802,628,64,44,1,-1,-1,-1
5,28,1228,728,68,49,1,-1,-1,-1
5,39,1215,537,141,82,1,-1,-1,-1
6,0,2287,1372,253,115,1,-1,-1,-1
6,1,1755,1484,169,45,1,-1,-1,-1
6,24,232,1177,194,197,1,-1,-1,-1
6,25,535,1130,116,137,1,-1,-1,-1
6,26,774,723,112,57,1,-1,-1,-1
6,27,802,628,65,44,1,-1,-1,-1
6,28,1228,727,68,49,1,-1,-1,-1
6,39,1217,535,142,81,1,-1,-1,-1
7,0,2273,1372,253,115,1,-1,-1,-1
7,1,1755,1488,157,41,1,-1,-1,-1
7,24,233,1170,193,202,1,-1,-1,-1
7,25,535,1120,116,137,1,-1,-1,-1
7,26,773,723,113,57,1,-1,-1,-1
7,27,802,629,66,44,1,-1,-1,-1
7,28,1228,726,68,49,1,-1,-1,-1
7,39,1219,534,142,79,1,-1,-1,-1
8,0,2259,1378,253,115,1,-1,-1,-1
8,1,1755,1500,127,29,1,-1,-1,-1
8,24,233,1163,194,207,1,-1,-1,-1
8,25,535,1110,117,137,1,-1,-1,-1
8,26,773,723,113,57,1,-1,-1,-1
8,27,802,623,66,43,1,-1,-1,-1
8,28,1228,725,68,49,1,-1,-1,-1
8,39,1221,532,143,78,1,-1,-1,-1
9,0,2241,1354,253,119,1,-1,-1,-1
9,1,1687,1481,192,47,1,-1,-1,-1
9,24,234,1156,194,212,1,-1,-1,-1
9,25,535,1100,118,137,1,-1,-1,-1
9,26,774,707,113,60,1,-1,-1,-1
9,27,802,617,67,43,1,-1,-1,-1
9,28,1229,725,68,49,1,-1,-1,-1
9,39,1224,531,143,76,1,-1,-1,-1
10,0,2221,1308,253,125,1,-1,-1,-1
10,1,1665,1444,205,85,1,-1,-1,-1
10,24,240,1115,195,212,1,-1,-1,-1
10,25,535,1091,119,136,1,-1,-1,-1
10,26,775,670,111,61,1,-1,-1,-1
10,27,805,575,72,47,1,-1,-1,-1
10,28,1230,681,68,49,1,-1,-1,-1
10,39,1229,488,143,77,1,-1,-1,-1
11,0,2203,1254,253,137,1,-1,-1,-1
11,1,1621,1386,237,143,1,-1,-1,-1
11,24,251,1060,194,212,1,-1,-1,-1
11,25,546,1037,116,146,1,-1,-1,-1
11,26,782,626,110,68,1,-1,-1,-1
11,27,808,529,71,53,1,-1,-1,-1
11,28,1233,635,67,61,1,-1,-1,-1
11,39,1222,450,143,77,1,-1,-1,-1
12,0,2195,1170,253,137,1,-1,-1,-1
12,1,1611,1299,243,210,1,-1,-1,-1
12,2,2655,1150,63,129,1,-1,-1,-1
12,6,483,1348,311,169,1,-1,-1,-1
12,7,1001,1340,281,145,1,-1,-1,-1
12,24,272,980,194,211,1,-1,-1,-1
12,25,553,961,116,146,1,-1,-1,-1
12,26,784,532,121,83,1,-1,-1,-1
12,27,801,445,91,66,1,-1,-1,-1
12,28,1230,550,67,61,1,-1,-1,-1
12,39,1234,358,143,77,1,-1,-1,-1
13,0,2179,1080,253,137,1,-1,-1,-1
13,1,1595,1226,225,197,1,-1,-1,-1
13,2,2655,1060,63,129,1,-1,-1,-1
13,6,519,1256,299,169,1,-1,-1,-1
13,7,1013,1252,281,145,1,-1,-1,-1
13,24,274,898,194,211,1,-1,-1,-1
13,25,557,870,116,146,1,-1,-1,-1
13,26,787,438,121,83,1,-1,-1,-1
13,27,806,349,91,66,1,-1,-1,-1
13,28,1242,456,67,61,1,-1,-1,-1
13,39,1247,267,143,77,1,-1,-1,-1
14,0,2155,1000,253,137,1,-1,-1,-1
14,1,1577,1150,235,197,1,-1,-1,-1
14,2,2623,972,93,129,1,-1,-1,-1
14,6,539,1160,291,169,1,-1,-1,-1
14,7,1031,1158,281,145,1,-1,-1,-1
14,24,285,814,194,211,1,-1,-1,-1
14,25,562,781,116,146,1,-1,-1,-1
14,26,792,361,121,83,1,-1,-1,-1
14,27,808,266,91,66,1,-1,-1,-1
14,28,1244,380,67,61,1,-1,-1,-1
14,39,1248,188,143,77,1,-1,-1,-1
15,0,2143,912,253,137,1,-1,-1,-1
15,1,1569,1062,235,197,1,-1,-1,-1
15,2,2623,894,93,129,1,-1,-1,-1
15,6,555,1072,291,169,1,-1,-1,-1
15,7,1043,1068,269,145,1,-1,-1,-1
15,24,284,719,194,211,1,-1,-1,-1
15,25,571,700,116,146,1,-1,-1,-1
15,26,786,274,121,83,1,-1,-1,-1
15,27,804,170,91,66,1,-1,-1,-1
15,28,1245,284,67,61,1,-1,-1,-1
15,39,1250,87,143,77,1,-1,-1,-1
16,0,2137,818,241,137,1,-1,-1,-1
16,1,1561,988,217,197,1,-1,-1,-1
16,2,2589,798,127,129,1,-1,-1,-1
16,6,575,981,284,168,1,-1,-1,-1
16,7,1055,966,269,145,1,-1,-1,-1
16,24,295,623,194,211,1,-1,-1,-1
16,25,573,603,116,146,1,-1,-1,-1
16,26,774,173,121,83,1,-1,-1,-1
16,27,838,83,91,66,1,-1,-1,-1
16,28,1258,185,67,61,1,-1,-1,-1
17,0,2117,796,241,109,1,-1,-1,-1
17,1,1541,964,231,189,1,-1,-1,-1
17,2,2575,762,143,117,1,-1,-1,-1
17,6,589,962,281,139,1,-1,-1,-1
17,7,1065,958,269,129,1,-1,-1,-1
17,23,4,592,135,156,1,-1,-1,-1
17,24,289,594,177,186,1,-1,-1,-1
17,25,570,554,115,127,1,-1,-1,-1
17,26,777,121,121,83,1,-1,-1,-1
17,27,797,21,68,49,1,-1,-1,-1
17,28,1245,133,67,61,1,-1,-1,-1
18,0,2101,798,241,109,1,-1,-1,-1
18,1,1535,970,224,194,1,-1,-1,-1
18,2,2561,762,157,117,1,-1,-1,-1
18,6,601,958,281,139,1,-1,-1,-1
18,7,1077,958,267,121,1,-1,-1,-1
18,23,4,591,133,156,1,-1,-1,-1
18,24,288,594,177,186,1,-1,-1,-1
18,25,569,558,115,127,1,-1,-1,-1
18,26,774,124,120,75,1,-1,-1,-1
18,27,796,20,70,49,1,-1,-1,-1
18,28,1245,133,67,61,1,-1,-1,-1
19,0,2089,796,241,109,1,-1,-1,-1
19,1,1521,980,227,189,1,-1,-1,-1
19,2,2552,762,166,117,1,-1,-1,-1
19,6,609,958,281,139,1,-1,-1,-1
19,7,1083,953,265,121,1,-1,-1,-1
19,23,4,590,132,156,1,-1,-1,-1
19,24,288,592,177,187,1,-1,-1,-1
19,25,571,558,114,127,1,-1,-1,-1
19,26,772,127,119,68,1,-1,-1,-1
19,27,796,20,72,49,1,-1,-1,-1
19,28,1245,134,67,61,1,-1,-1,-1
20,0,2077,798,241,109,1,-1,-1,-1
20,1,1521,980,227,201,1,-1,-1,-1
20,2,2543,762,175,117,1,-1,-1,-1
20,6,621,960,281,139,1,-1,-1,-1
20,7,1095,956,267,121,1,-1,-1,-1
20,23,7,587,133,157,1,-1,-1,-1
20,24,288,590,177,187,1,-1,-1,-1
20,25,573,558,114,127,1,-1,-1,-1
20,26,773,126,118,69,1,-1,-1,-1
20,27,796,19,74,49,1,-1,-1,-1
20,28,1245,135,68,61,1,-1,-1,-1
21,0,2063,798,241,109,1,-1,-1,-1
21,1,1503,990,227,201,1,-1,-1,-1
21,2,2532,762,186,117,1,-1,-1,-1
21,6,625,964,281,139,1,-1,-1,-1
21,7,1101,956,267,121,1,-1,-1,-1
21,23,8,592,133,156,1,-1,-1,-1
21,24,288,588,177,187,1,-1,-1,-1
21,25,569,550,114,127,1,-1,-1,-1
21,26,775,126,116,69,1,-1,-1,-1
21,27,796,19,76,49,1,-1,-1,-1
21,28,1245,137,68,61,1,-1,-1,-1
22,0,2045,798,241,109,1,-1,-1,-1
22,1,1491,992,227,213,1,-1,-1,-1
22,2,2521,762,197,117,1,-1,-1,-1
22,6,637,960,281,139,1,-1,-1,-1
22,7,1107,950,265,122,1,-1,-1,-1
22,23,9,590,133,156,1,-1,-1,-1
22,24,289,586,177,188,1,-1,-1,-1
22,25,568,547,114,127,1,-1,-1,-1
22,26,775,126,116,67,1,-1,-1,-1
22,27,796,19,76,49,1,-1,-1,-1
22,28,1244,136,68,61,1,-1,-1,-1
23,0,2033,798,241,109,1,-1,-1,-1
23,1,1477,998,227,213,1,-1,-1,-1
23,2,2507,762,211,117,1,-1,-1,-1
23,6,649,960,275,139,1,-1,-1,-1
23,7,1115,946,267,121,1,-1,-1,-1
23,23,11,588,132,156,1,-1,-1,-1
23,24,301,593,177,189,1,-1,-1,-1
23,25,568,545,114,127,1,-1,-1,-1
23,26,775,126,116,65,1,-1,-1,-1
23,27,796,19,76,49,1,-1,-1,-1
23,28,1243,135,68,61,1,-1,-1,-1
24,0,2015,798,241,109,1,-1,-1,-1
24,1,1471,1014,227,213,1,-1,-1,-1
24,2,2491,762,227,117,1,-1,-1,-1
24,6,663,960,275,139,1,-1,-1,-1
24,7,1129,946,267,121,1,-1,-1,-1
24,23,7,592,132,156,1,-1,-1,-1
24,24,299,589,177,189,1,-1,-1,-1
24,25,568,542,114,127,1,-1,-1,-1
24,26,776,126,116,64,1,-1,-1,-1
24,27,796,19,76,49,1,-1,-1,-1
24,28,1242,135,68,60,1,-1,-1,-1
25,0,1995,800,241,109,1,-1,-1,-1
25,1,1459,1020,227,213,1,-1,-1,-1
25,2,2477,762,241,117,1,-1,-1,-1
25,6,673,956,275,139,1,-1,-1,-1
25,7,1135,944,267,121,1,-1,-1,-1
25,23,8,587,132,156,1,-1,-1,-1
25,24,297,585,178,189,1,-1,-1,-1
25,25,568,540,114,127,1,-1,-1,-1
25,26,776,126,116,62,1,-1,-1,-1
25,27,795,20,76,49,1,-1,-1,-1
25,28,1241,134,68,60,1,-1,-1,-1
26,0,1983,798,241,109,1,-1,-1,-1
26,1,1451,1030,227,215,1,-1,-1,-1
26,2,2469,762,249,117,1,-1,-1,-1
26,6,679,956,275,139,1,-1,-1,-1
26,7,1147,944,267,121,1,-1,-1,-1
26,23,9,583,132,156,1,-1,-1,-1
26,24,296,582,178,189,1,-1,-1,-1
26,25,568,537,114,127,1,-1,-1,-1
26,26,777,127,116,60,1,-1,-1,-1
26,27,794,21,76,49,1,-1,-1,-1
26,28,1241,134,68,60,1,-1,-1,-1
27,0,1965,790,241,109,1,-1,-1,-1
27,1,1442,1031,227,215,1,-1,-1,-1
27,2,2451,746,267,133,1,-1,-1,-1
27,6,691,944,275,139,1,-1,-1,-1
27,7,1157,936,267,121,1,-1,-1,-1
27,23,11,575,132,156,1,-1,-1,-1
27,24,296,568,178,189,1,-1,-1,-1
27,25,568,535,114,127,1,-1,-1,-1
27,26,777,111,116,60,1,-1,-1,-1
27,27,794,10,76,47,1,-1,-1,-1
27,28,1241,120,68,60,1,-1,-1,-1
28,0,1953,778,241,109,1,-1,-1,-1
28,1,1433,1032,227,215,1,-1,-1,-1
28,2,2445,734,267,133,1,-1,-1,-1
28,6,699,930,275,139,1,-1,-1,-1
28,7,1169,916,267,121,1,-1,-1,-1
28,23,13,567,132,156,1,-1,-1,-1
28,24,296,554,179,190,1,-1,-1,-1
28,25,568,533,114,127,1,-1,-1,-1
28,26,777,95,116,60,1,-1,-1,-1
28,28,1241,107,68,60,1,-1,-1,-1
29,0,1935,760,241,109,1,-1,-1,-1
29,1,1433,1014,227,233,1,-1,-1,-1
29,2,2416,713,284,132,1,-1,-1,-1
29,6,707,912,275,139,1,-1,-1,-1
29,7,1174,900,269,121,1,-1,-1,-1
29,23,6,546,132,156,1,-1,-1,-1
29,24,296,540,179,190,1,-1,-1,-1
29,25,569,517,114,127,1,-1,-1,-1
29,26,777,79,116,60,1,-1,-1,-1
29,28,1241,94,68,60,1,-1,-1,-1
30,0,1919,736,241,109,1,-1,-1,-1
30,1,1409,1006,227,233,1,-1,-1,-1
30,2,2415,690,267,133,1,-1,-1,-1
30,6,715,888,281,133,1,-1,-1,-1
30,7,1187,880,267,121,1,-1,-1,-1
30,23,15,518,133,156,1,-1,-1,-1
30,24,296,526,180,191,1,-1,-1,-1
30,25,571,501,114,127,1,-1,-1,-1
30,26,777,63,116,60,1,-1,-1,-1
30,28,1241,79,71,59,1,-1,-1,-1
31,0,1901,728,241,109,1,-1,-1,-1
31,1,1411,1001,217,231,1,-1,-1,-1
31,2,2386,684,281,133,1,-1,-1,-1
31,6,734,878,273,133,1,-1,-1,-1
31,7,1200,868,263,121,1,-1,-1,-1
31,23,14,509,132,156,1,-1,-1,-1
31,24,297,513,180,191,1,-1,-1,-1
31,25,572,485,114,127,1,-1,-1,-1
31,26,775,43,113,65,1,-1,-1,-1
31,28,1241,65,75,58,1,-1,-1,-1
32,0,1883,724,241,109,1,-1,-1,-1
32,1,1399,1012,227,233,1,-1,-1,-1
32,2,2371,683,281,132,1,-1,-1,-1
32,6,743,876,269,133,1,-1,-1,-1
32,7,1203,866,267,121,1,-1,-1,-1
32,23,11,509,132,156,1,-1,-1,-1
32,24,297,511,180,192,1,-1,-1,-1
32,25,574,470,114,127,1,-1,-1,-1
32,26,774,42,115,63,1,-1,-1,-1
32,28,1241,51,79,57,1,-1,-1,-1
33,0,1865,724,241,109,1,-1,-1,-1
33,1,1381,1024,227,233,1,-1,-1,-1
33,2,2373,678,267,133,1,-1,-1,-1
33,6,761,874,269,133,1,-1,-1,-1
33,7,1217,866,267,121,1,-1,-1,-1
33,23,11,508,132,156,1,-1,-1,-1
33,24,297,510,180,192,1,-1,-1,-1
33,25,574,471,114,127,1,-1,-1,-1
33,26,774,41,116,61,1,-1,-1,-1
33,28,1241,51,77,58,1,-1,-1,-1
34,0,1847,730,241,109,1,-1,-1,-1
34,1,1390,1036,219,241,1,-1,-1,-1
34,2,2355,684,267,133,1,-1,-1,-1
34,6,767,874,269,133,1,-1,-1,-1
34,7,1229,872,267,121,1,-1,-1,-1
34,23,11,510,129,156,1,-1,-1,-1
34,24,297,509,181,193,1,-1,-1,-1
34,25,574,472,114,128,1,-1,-1,-1
34,26,773,41,116,61,1,-1,-1,-1
34,28,1241,52,76,58,1,-1,-1,-1
35,0,1829,730,241,109,1,-1,-1,-1
35,1,1371,1050,227,233,1,-1,-1,-1
35,2,2329,684,275,133,1,-1,-1,-1
35,6,783,880,269,133,1,-1,-1,-1
35,7,1239,872,259,121,1,-1,-1,-1
35,23,12,510,129,156,1,-1,-1,-1
35,24,297,508,181,193,1,-1,-1,-1
35,25,574,473,114,128,1,-1,-1,-1
35,26,772,42,116,61,1,-1,-1,-1
35,28,1241,54,76,58,1,-1,-1,-1
36,0,1807,730,241,109,1,-1,-1,-1
36,1,1371,1058,227,241,1,-1,-1,-1
36,2,2313,678,275,133,1,-1,-1,-1
36,6,789,880,269,133,1,-1,-1,-1
36,7,1255,868,259,121,1,-1,-1,-1
36,23,13,510,130,157,1,-1,-1,-1
36,24,297,507,181,193,1,-1,-1,-1
36,25,574,474,114,129,1,-1,-1,-1
36,26,771,43,116,61,1,-1,-1,-1
36,28,1241,56,77,58,1,-1,-1,-1
37,0,1789,728,241,109,1,-1,-1,-1
37,1,1371,1070,221,249,1,-1,-1,-1
37,2,2295,684,275,133,1,-1,-1,-1
37,6,801,878,269,133,1,-1,-1,-1
37,7,1265,868,259,121,1,-1,-1,-1
37,23,14,509,129,157,1,-1,-1,-1
37,24,298,506,181,194,1,-1,-1,-1
37,25,574,475,114,129,1,-1,-1,-1
37,26,771,44,116,61,1,-1,-1,-1
37,28,1240,55,77,57,1,-1,-1,-1
38,0,1777,728,237,109,1,-1,-1,-1
38,1,1359,1082,221,249,1,-1,-1,-1
38,2,2281,680,275,133,1,-1,-1,-1
38,6,813,878,269,133,1,-1,-1,-1
38,7,1271,868,259,121,1,-1,-1,-1
38,23,15,508,129,157,1,-1,-1,-1
38,24,298,506,181,194,1,-1,-1,-1
38,25,575,477,114,129,1,-1,-1,-1
38,26,775,43,116,61,1,-1,-1,-1
38,28,1240,54,77,57,1,-1,-1,-1
39,0,1759,730,237,109,1,-1,-1,-1
39,1,1360,1090,203,259,1,-1,-1,-1
39,2,2259,680,275,133,1,-1,-1,-1
39,6,829,878,263,133,1,-1,-1,-1
39,7,1287,866,259,121,1,-1,-1,-1
39,23,16,508,129,156,1,-1,-1,-1
39,24,298,506,181,195,1,-1,-1,-1
39,25,574,477,114,129,1,-1,-1,-1
39,26,779,43,116,61,1,-1,-1,-1
39,28,1241,52,77,60,1,-1,-1,-1
40,0,1737,730,237,109,1,-1,-1,-1
40,1,1355,1110,209,249,1,-1,-1,-1
40,2,2245,684,275,133,1,-1,-1,-1
40,6,841,878,263,133,1,-1,-1,-1
40,7,1299,868,259,121,1,-1,-1,-1
40,23,17,508,129,156,1,-1,-1,-1
40,24,298,506,182,195,1,-1,-1,-1
40,25,574,477,114,129,1,-1,-1,-1
40,26,778,42,116,61,1,-1,-1,-1
40,28,1242,50,77,63,1,-1,-1,-1
41,0,1717,734,237,109,1,-1,-1,-1
41,1,1351,1112,197,267,1,-1,-1,-1
41,2,2227,684,275,133,1,-1,-1,-1
41,6,855,878,263,133,1,-1,-1,-1
41,7,1307,868,259,121,1,-1,-1,-1
41,8,0,918,191,135,1,-1,-1,-1
41,23,18,508,129,156,1,-1,-1,-1
41,24,298,506,182,196,1,-1,-1,-1
41,25,573,477,114,129,1,-1,-1,-1
41,26,778,42,116,61,1,-1,-1,-1
41,28,1244,49,76,66,1,-1,-1,-1
42,0,1693,734,237,109,1,-1,-1,-1
42,1,1345,1124,197,267,1,-1,-1,-1
42,2,2205,690,275,127,1,-1,-1,-1
42,6,865,878,263,133,1,-1,-1,-1
42,7,1315,874,259,121,1,-1,-1,-1
42,8,0,918,209,135,1,-1,-1,-1
42,23,19,508,129,156,1,-1,-1,-1
42,24,298,507,182,195,1,-1,-1,-1
42,25,573,477,114,129,1,-1,-1,-1
42,26,778,42,116,61,1,-1,-1,-1
42,28,1243,49,78,66,1,-1,-1,-1
43,0,1675,734,237,109,1,-1,-1,-1
43,1,1339,1142,197,267,1,-1,-1,-1
43,2,2199,688,275,127,1,-1,-1,-1
43,6,877,878,263,133,1,-1,-1,-1
43,7,1327,874,259,121,1,-1,-1,-1
43,8,0,918,235,135,1,-1,-1,-1
43,23,18,508,129,156,1,-1,-1,-1
43,24,298,507,183,196,1,-1,-1,-1
43,25,573,477,114,129,1,-1,-1,-1
43,26,778,44,116,61,1,-1,-1,-1
43,28,1242,50,81,65,1,-1,-1,-1
44,0,1657,732,237,109,1,-1,-1,-1
44,1,1335,1150,197,273,1,-1,-1,-1
44,2,2181,688,275,127,1,-1,-1,-1
44,6,890,869,263,141,1,-1,-1,-1
44,7,1336,874,259,121,1,-1,-1,-1
44,8,0,918,253,135,1,-1,-1,-1
44,23,18,508,128,156,1,-1,-1,-1
44,24,298,507,183,196,1,-1,-1,-1
44,25,573,476,114,129,1,-1,-1,-1
44,26,778,47,116,61,1,-1,-1,-1
44,28,1241,51,84,65,1,-1,-1,-1
45,0,1633,734,237,109,1,-1,-1,-1
45,1,1333,1162,197,275,1,-1,-1,-1
45,2,2165,688,275,127,1,-1,-1,-1
45,6,903,872,263,133,1,-1,-1,-1
45,7,1345,874,259,121,1,-1,-1,-1
45,8,0,918,283,135,1,-1,-1,-1
45,23,18,508,127,156,1,-1,-1,-1
45,24,298,507,183,197,1,-1,-1,-1
45,25,574,475,114,130,1,-1,-1,-1
45,26,776,46,116,61,1,-1,-1,-1
45,28,1241,51,82,64,1,-1,-1,-1
46,0,1613,736,237,109,1,-1,-1,-1
46,1,1333,1180,197,275,1,-1,-1,-1
46,2,2141,688,275,127,1,-1,-1,-1
46,6,915,878,263,133,1,-1,-1,-1
46,7,1363,874,259,121,1,-1,-1,-1
46,8,0,918,301,135,1,-1,-1,-1
46,23,18,508,127,156,1,-1,-1,-1
46,24,299,508,183,197,1,-1,-1,-1
46,25,574,475,114,129,1,-1,-1,-1
46,26,774,45,116,61,1,-1,-1,-1
46,28,1242,52,79,62,1,-1,-1,-1
47,0,1595,736,237,109,1,-1,-1,-1
47,1,1333,1184,185,293,1,-1,-1,-1
47,2,2126,690,275,127,1,-1,-1,-1
47,6,930,874,263,133,1,-1,-1,-1
47,7,1369,872,259,121,1,-1,-1,-1
47,8,7,918,305,135,1,-1,-1,-1
47,23,18,508,126,156,1,-1,-1,-1
47,24,299,507,183,197,1,-1,-1,-1
47,25,575,474,114,130,1,-1,-1,-1
47,26,773,45,116,61,1,-1,-1,-1
47,28,1243,53,76,60,1,-1,-1,-1
48,0,1567,736,237,109,1,-1,-1,-1
48,1,1331,1196,185,293,1,-1,-1,-1
48,2,2111,692,275,127,1,-1,-1,-1
48,6,941,870,263,133,1,-1,-1,-1
48,7,1387,872,259,121,1,-1,-1,-1
48,8,26,917,317,133,1,-1,-1,-1
48,23,17,508,126,156,1,-1,-1,-1
48,24,299,506,183,198,1,-1,-1,-1
48,25,575,474,114,129,1,-1,-1,-1
48,26,774,44,116,61,1,-1,-1,-1
48,28,1244,54,74,58,1,-1,-1,-1
49,0,1545,742,237,109,1,-1,-1,-1
49,1,1329,1218,185,293,1,-1,-1,-1
49,2,2087,692,275,127,1,-1,-1,-1
49,6,959,872,263,133,1,-1,-1,-1
49,7,1399,872,259,121,1,-1,-1,-1
49,8,57,916,305,135,1,-1,-1,-1
49,23,17,508,126,156,1,-1,-1,-1
49,24,299,505,183,198,1,-1,-1,-1
49,25,576,473,114,130,1,-1,-1,-1
49,26,775,43,116,61,1,-1,-1,-1
49,28,1244,54,74,58,1,-1,-1,-1
50,0,1521,742,237,109,1,-1,-1,-1
50,1,1323,1232,185,293,1,-1,-1,-1
50,2,2067,692,275,127,1,-1,-1,-1
50,6,975,868,263,133,1,-1,-1,-1
50,7,1405,872,259,121,1,-1,-1,-1
50,8,79,916,305,135,1,-1,-1,-1
50,23,17,508,125,156,1,-1,-1,-1
50,24,299,504,183,199,1,-1,-1,-1
50,25,577,473,114,130,1,-1,-1,-1
50,26,776,43,116,61,1,-1,-1,-1
50,28,1244,55,74,57,1,-1,-1,-1
51,0,1501,742,237,109,1,-1,-1,-1
51,1,1323,1247,178,280,1,-1,-1,-1
51,2,2055,700,275,127,1,-1,-1,-1
51,6,985,868,263,133,1,-1,-1,-1
51,7,1419,868,259,121,1,-1,-1,-1
51,8,97,910,305,135,1,-1,-1,-1
51,23,17,508,124,156,1,-1,-1,-1
51,24,299,503,183,199,1,-1,-1,-1
51,25,577,472,114,130,1,-1,-1,-1
51,26,776,43,116,60,1,-1,-1,-1
51,28,1244,56,74,57,1,-1,-1,-1
52,0,1477,742,237,109,1,-1,-1,-1
52,1,1323,1262,171,267,1,-1,-1,-1
52,2,2037,694,275,127,1,-1,-1,-1
52,6,997,874,263,133,1,-1,-1,-1
52,7,1431,864,259,121,1,-1,-1,-1
52,8,133,910,299,135,1,-1,-1,-1
52,23,17,509,124,156,1,-1,-1,-1
52,24,299,503,183,199,1,-1,-1,-1
52,25,577,472,114,130,1,-1,-1,-1
52,26,776,43,116,60,1,-1,-1,-1
52,28,1243,53,74,57,1,-1,-1,-1
53,0,1453,742,237,109,1,-1,-1,-1
53,1,1325,1273,167,256,1,-1,-1,-1
53,2,2019,702,275,115,1,-1,-1,-1
53,6,1009,868,263,133,1,-1,-1,-1
53,7,1445,870,259,121,1,-1,-1,-1
53,8,151,912,299,135,1,-1,-1,-1
53,23,16,509,124,156,1,-1,-1,-1
53,24,298,504,183,198,1,-1,-1,-1
53,25,577,471,114,130,1,-1,-1,-1
53,26,776,43,116,60,1,-1,-1,-1
53,28,1243,50,74,57,1,-1,-1,-1
54,0,1431,748,237,109,1,-1,-1,-1
54,1,1327,1284,163,245,1,-1,-1,-1
54,2,2001,702,275,115,1,-1,-1,-1
54,6,1021,870,263,133,1,-1,-1,-1
54,7,1455,870,259,121,1,-1,-1,-1
54,8,169,912,299,135,1,-1,-1,-1
54,23,16,509,123,156,1,-1,-1,-1
54,24,298,506,183,196,1,-1,-1,-1
54,25,577,471,114,130,1,-1,-1,-1
54,26,776,43,116,60,1,-1,-1,-1
54,28,1243,48,74,57,1,-1,-1,-1
55,0,1407,744,237,109,1,-1,-1,-1
55,1,1325,1300,163,229,1,-1,-1,-1
55,2,1973,704,275,115,1,-1,-1,-1
55,6,1031,870,263,133,1,-1,-1,-1
55,7,1465,872,259,121,1,-1,-1,-1
55,8,187,910,299,135,1,-1,-1,-1
55,23,15,509,124,156,1,-1,-1,-1
55,24,298,507,183,196,1,-1,-1,-1
55,25,577,470,114,130,1,-1,-1,-1
55,26,776,43,116,60,1,-1,-1,-1
55,28,1241,49,74,57,1,-1,-1,-1
56,0,1383,750,237,109,1,-1,-1,-1
56,1,1329,1312,163,217,1,-1,-1,-1
56,2,1959,704,275,115,1,-1,-1,-1
56,6,1043,870,263,133,1,-1,-1,-1
56,7,1477,866,259,121,1,-1,-1,-1
56,8,217,916,299,135,1,-1,-1,-1
56,23,15,510,123,155,1,-1,-1,-1
56,24,297,509,184,194,1,-1,-1,-1
56,25,577,470,114,130,1,-1,-1,-1
56,26,776,44,116,60,1,-1,-1,-1
56,28,1239,50,74,57,1,-1,-1,-1
57,0,1353,754,239,109,1,-1,-1,-1
57,1,1331,1332,163,197,1,-1,-1,-1
57,2,1937,710,275,115,1,-1,-1,-1
57,6,1053,868,263,133,1,-1,-1,-1
57,7,1493,866,259,121,1,-1,-1,-1
57,8,235,910,291,135,1,-1,-1,-1
57,23,15,510,123,155,1,-1,-1,-1
57,24,297,510,184,193,1,-1,-1,-1
57,25,575,470,114,130,1,-1,-1,-1
57,26,774,44,116,61,1,-1,-1,-1
57,28,1238,51,74,57,1,-1,-1,-1
58,0,1331,748,239,109,1,-1,-1,-1
58,1,1331,1338,163,191,1,-1,-1,-1
58,2,1919,710,275,115,1,-1,-1,-1
58,6,1075,868,253,133,1,-1,-1,-1
58,7,1499,872,259,121,1,-1,-1,-1
58,8,253,908,291,135,1,-1,-1,-1
58,23,14,510,123,155,1,-1,-1,-1
58,24,297,512,184,192,1,-1,-1,-1
58,25,574,470,114,130,1,-1,-1,-1
58,26,773,45,116,61,1,-1,-1,-1
58,28,1238,52,74,57,1,-1,-1,-1
59,0,1307,750,239,109,1,-1,-1,-1
59,1,1321,1350,163,179,1,-1,-1,-1
59,2,1901,708,275,115,1,-1,-1,-1
59,6,1081,868,253,133,1,-1,-1,-1
59,7,1511,876,259,121,1,-1,-1,-1
59,8,271,908,291,135,1,-1,-1,-1
59,23,14,510,123,155,1,-1,-1,-1
59,24,296,513,185,191,1,-1,-1,-1
59,25,573,470,114,130,1,-1,-1,-1
59,26,772,46,116,61,1,-1,-1,-1
59,28,1239,53,74,57,1,-1,-1,-1
60,0,1277,756,239,109,1,-1,-1,-1
60,1,1337,1360,151,169,1,-1,-1,-1
60,2,1883,720,275,115,1,-1,-1,-1
60,6,1095,868,253,133,1,-1,-1,-1
60,7,1523,882,259,121,1,-1,-1,-1
60,8,295,908,291,135,1,-1,-1,-1
60,23,14,511,122,154,1,-1,-1,-1
60,24,296,515,185,189,1,-1,-1,-1
60,25,571,470,114,130,1,-1,-1,-1
60,26,772,45,116,61,1,-1,-1,-1
60,28,1240,54,73,57,1,-1,-1,-1
61,0,1255,756,239,109,1,-1,-1,-1
61,1,1333,1382,151,147,1,-1,-1,-1
61,2,1867,708,275,121,1,-1,-1,-1
61,6,1111,868,253,133,1,-1,-1,-1
61,7,1535,862,259,139,1,-1,-1,-1
61,8,321,910,291,135,1,-1,-1,-1
61,23,13,511,123,154,1,-1,-1,-1
61,24,296,517,185,188,1,-1,-1,-1
61,25,570,470,114,130,1,-1,-1,-1
61,26,772,44,116,61,1,-1,-1,-1
61,28,1241,55,73,57,1,-1,-1,-1
62,0,1231,758,239,109,1,-1,-1,-1
62,1,1335,1398,143,131,1,-1,-1,-1
62,2,1841,710,275,121,1,-1,-1,-1
62,6,1123,868,253,133,1,-1,-1,-1
62,7,1547,864,259,139,1,-1,-1,-1
62,8,345,910,291,135,1,-1,-1,-1
62,23,13,511,122,154,1,-1,-1,-1
62,24,295,516,185,188,1,-1,-1,-1
62,25,569,471,114,130,1,-1,-1,-1
62,26,772,43,116,61,1,-1,-1,-1
62,28,1241,56,73,57,1,-1,-1,-1
63,0,1203,758,239,109,1,-1,-1,-1
63,1,1337,1410,143,119,1,-1,-1,-1
63,2,1823,716,275,121,1,-1,-1,-1
63,6,1129,866,253,133,1,-1,-1,-1
63,7,1565,864,259,139,1,-1,-1,-1
63,8,353,914,291,135,1,-1,-1,-1
63,23,13,512,122,154,1,-1,-1,-1
63,24,294,515,185,189,1,-1,-1,-1
63,25,570,471,114,130,1,-1,-1,-1
63,26,772,42,116,61,1,-1,-1,-1
63,28,1241,58,73,57,1,-1,-1,-1
64,0,1173,762,239,109,1,-1,-1,-1
64,1,1337,1428,143,101,1,-1,-1,-1
64,2,1801,714,275,121,1,-1,-1,-1
64,6,1145,862,253,133,1,-1,-1,-1
64,7,1573,864,259,139,1,-1,-1,-1
64,8,371,914,291,135,1,-1,-1,-1
64,23,13,513,122,154,1,-1,-1,-1
64,24,293,514,185,189,1,-1,-1,-1
64,25,571,472,114,130,1,-1,-1,-1
64,26,772,43,116,61,1,-1,-1,-1
64,28,1241,59,73,57,1,-1,-1,-1
65,0,1149,762,239,109,1,-1,-1,-1
65,1,1337,1446,143,83,1,-1,-1,-1
65,2,1789,714,275,121,1,-1,-1,-1
65,6,1151,862,253,133,1,-1,-1,-1
65,7,1585,858,259,139,1,-1,-1,-1
65,8,395,908,291,135,1,-1,-1,-1
65,23,13,514,122,154,1,-1,-1,-1
65,24,292,514,185,189,1,-1,-1,-1
65,25,572,472,114,130,1,-1,-1,-1
65,26,772,45,116,61,1,-1,-1,-1
65,28,1241,61,73,57,1,-1,-1,-1
66,0,1121,766,239,109,1,-1,-1,-1
66,1,1339,1462,143,67,1,-1,-1,-1
66,2,1771,716,271,121,1,-1,-1,-1
66,6,1167,862,253,133,1,-1,-1,-1
66,7,1603,864,259,139,1,-1,-1,-1
66,8,413,906,291,135,1,-1,-1,-1
66,23,14,515,121,154,1,-1,-1,-1
66,24,291,513,185,190,1,-1,-1,-1
66,25,573,473,114,130,1,-1,-1,-1
66,26,772,47,116,61,1,-1,-1,-1
66,28,1242,58,73,57,1,-1,-1,-1
67,0,1089,766,251,117,1,-1,-1,-1
67,1,1339,1474,143,55,1,-1,-1,-1
67,2,1745,716,271,121,1,-1,-1,-1
67,6,1179,862,253,133,1,-1,-1,-1
67,7,1617,860,259,139,1,-1,-1,-1
67,8,431,910,291,135,1,-1,-1,-1
67,23,14,517,121,153,1,-1,-1,-1
67,24,290,512,185,190,1,-1,-1,-1
67,25,574,474,114,130,1,-1,-1,-1
67,26,772,49,117,61,1,-1,-1,-1
67,28,1243,56,73,57,1,-1,-1,-1
68,0,1065,768,251,117,1,-1,-1,-1
68,1,1339,1486,143,43,1,-1,-1,-1
68,2,1727,716,271,121,1,-1,-1,-1
68,6,1191,866,253,133,1,-1,-1,-1
68,7,1627,872,259,139,1,-1,-1,-1
68,8,455,916,291,135,1,-1,-1,-1
68,23,14,518,121,153,1,-1,-1,-1
68,24,289,511,185,191,1,-1,-1,-1
68,25,573,475,114,130,1,-1,-1,-1
68,26,771,48,117,61,1,-1,-1,-1
68,28,1245,54,73,57,1,-1,-1,-1
69,0,1039,766,251,117,1,-1,-1,-1
69,1,1339,1496,143,33,1,-1,-1,-1
69,2,1707,714,271,121,1,-1,-1,-1
69,6,1203,866,253,133,1,-1,-1,-1
69,7,1637,872,259,139,1,-1,-1,-1
69,8,471,918,291,135,1,-1,-1,-1
69,23,15,519,120,153,1,-1,-1,-1
69,24,288,511,186,191,1,-1,-1,-1
69,25,573,476,114,130,1,-1,-1,-1
69,26,771,48,117,61,1,-1,-1,-1
69,28,1244,54,74,57,1,-1,-1,-1
70,0,1009,770,251,117,1,-1,-1,-1
70,2,1683,714,271,121,1,-1,-1,-1
70,6,1203,866,257,133,1,-1,-1,-1
70,7,1655,872,260,137,1,-1,-1,-1
70,8,489,916,291,135,1,-1,-1,-1
70,10,2563,702,155,103,1,-1,-1,-1
70,23,15,520,120,153,1,-1,-1,-1
70,24,288,513,186,190,1,-1,-1,-1
70,25,573,478,114,130,1,-1,-1,-1
70,26,771,47,116,61,1,-1,-1,-1
70,28,1244,54,74,58,1,-1,-1,-1
71,0,975,770,251,117,1,-1,-1,-1
71,2,1655,714,271,121,1,-1,-1,-1
71,6,1229,860,245,133,1,-1,-1,-1
71,7,1667,874,259,139,1,-1,-1,-1
71,8,507,912,291,135,1,-1,-1,-1
71,10,2555,702,163,103,1,-1,-1,-1
71,23,16,522,119,153,1,-1,-1,-1
71,24,288,515,186,189,1,-1,-1,-1
71,25,573,479,114,130,1,-1,-1,-1
71,26,771,47,116,61,1,-1,-1,-1
71,28,1244,54,74,58,1,-1,-1,-1
72,0,951,770,251,117,1,-1,-1,-1
72,2,1635,718,271,121,1,-1,-1,-1
72,6,1229,860,257,133,1,-1,-1,-1
72,7,1683,874,259,139,1,-1,-1,-1
72,8,525,918,291,135,1,-1,-1,-1
72,10,2533,702,185,103,1,-1,-1,-1
72,23,15,521,119,153,1,-1,-1,-1
72,24,289,517,186,189,1,-1,-1,-1
72,25,573,481,114,130,1,-1,-1,-1
72,26,769,47,116,61,1,-1,-1,-1
72,28,1244,55,74,58,1,-1,-1,-1
73,0,921,776,251,117,1,-1,-1,-1
73,2,1617,720,271,121,1,-1,-1,-1
73,6,1247,866,257,133,1,-1,-1,-1
73,7,1695,874,259,139,1,-1,-1,-1
73,8,549,918,291,135,1,-1,-1,-1
73,10,2517,702,197,103,1,-1,-1,-1
73,23,15,521,118,153,1,-1,-1,-1
73,24,289,519,186,188,1,-1,-1,-1
73,25,572,480,114,130,1,-1,-1,-1
73,26,767,47,116,61,1,-1,-1,-1
73,28,1244,54,74,58,1,-1,-1,-1
74,0,891,772,251,117,1,-1,-1,-1
74,2,1593,720,271,121,1,-1,-1,-1
74,6,1259,866,257,133,1,-1,-1,-1
74,7,1701,885,266,130,1,-1,-1,-1
74,8,563,918,291,135,1,-1,-1,-1
74,10,2499,702,207,103,1,-1,-1,-1
74,23,14,520,118,154,1,-1,-1,-1
74,24,290,521,186,188,1,-1,-1,-1
74,25,571,480,114,130,1,-1,-1,-1
74,26,766,48,116,61,1,-1,-1,-1
74,28,1244,54,74,58,1,-1,-1,-1
75,0,861,778,251,117,1,-1,-1,-1
75,2,1577,720,271,121,1,-1,-1,-1
75,6,1265,864,257,133,1,-1,-1,-1
75,7,1725,876,259,139,1,-1,-1,-1
75,8,583,918,291,135,1,-1,-1,-1
75,10,2496,714,191,103,1,-1,-1,-1
75,23,14,520,118,154,1,-1,-1,-1
75,24,290,523,186,187,1,-1,-1,-1
75,25,570,479,114,130,1,-1,-1,-1
75,26,767,47,116,61,1,-1,-1,-1
75,28,1244,54,74,58,1,-1,-1,-1
76,0,831,778,251,117,1,-1,-1,-1
76,2,1553,724,271,121,1,-1,-1,-1
76,6,1285,860,257,133,1,-1,-1,-1
76,7,1737,874,259,139,1,-1,-1,-1
76,8,601,918,291,135,1,-1,-1,-1
76,10,2483,708,191,103,1,-1,-1,-1
76,23,14,520,117,153,1,-1,-1,-1
76,24,291,526,186,186,1,-1,-1,-1
76,25,569,479,114,130,1,-1,-1,-1
76,26,768,47,116,61,1,-1,-1,-1
76,28,1241,55,74,58,1,-1,-1,-1
77,0,801,778,251,117,1,-1,-1,-1
77,2,1529,724,271,121,1,-1,-1,-1
77,6,1299,862,257,133,1,-1,-1,-1
77,7,1747,886,263,135,1,-1,-1,-1
77,8,627,918,291,135,1,-1,-1,-1
77,10,2469,714,191,103,1,-1,-1,-1
77,23,13,519,117,154,1,-1,-1,-1
77,24,291,524,186,187,1,-1,-1,-1
77,25,569,479,114,130,1,-1,-1,-1
77,26,769,47,116,61,1,-1,-1,-1
77,28,1238,56,74,58,1,-1,-1,-1
78,0,771,784,251,117,1,-1,-1,-1
78,2,1509,724,271,121,1,-1,-1,-1
78,6,1307,862,257,133,1,-1,-1,-1
78,7,1767,884,259,139,1,-1,-1,-1
78,8,643,914,291,135,1,-1,-1,-1
78,10,2445,710,197,103,1,-1,-1,-1
78,23,13,519,116,154,1,-1,-1,-1
78,24,291,523,186,187,1,-1,-1,-1
78,25,569,478,114,130,1,-1,-1,-1
78,26,771,47,116,61,1,-1,-1,-1
78,28,1236,57,73,58,1,-1,-1,-1
79,0,739,782,251,117,1,-1,-1,-1
79,2,1487,724,271,121,1,-1,-1,-1
79,6,1325,862,251,133,1,-1,-1,-1
79,7,1775,878,265,139,1,-1,-1,-1
79,8,665,920,291,135,1,-1,-1,-1
79,10,2433,710,197,103,1,-1,-1,-1
79,23,13,519,116,154,1,-1,-1,-1
79,24,291,521,186,188,1,-1,-1,-1
79,25,569,478,114,130,1,-1,-1,-1
79,26,771,46,116,61,1,-1,-1,-1
79,28,1238,55,73,58,1,-1,-1,-1
80,0,697,788,271,117,1,-1,-1,-1
80,2,1463,722,271,121,1,-1,-1,-1
80,6,1345,860,251,133,1,-1,-1,-1
80,7,1797,886,259,139,1,-1,-1,-1
80,8,685,918,291,135,1,-1,-1,-1
80,10,2420,716,197,103,1,-1,-1,-1
80,23,13,518,116,154,1,-1,-1,-1
80,24,291,520,186,188,1,-1,-1,-1
80,25,569,477,115,130,1,-1,-1,-1
80,26,771,46,116,60,1,-1,-1,-1
80,28,1241,54,73,57,1,-1,-1,-1
81,0,665,790,271,117,1,-1,-1,-1
81,2,1439,722,271,121,1,-1,-1,-1
81,6,1357,860,251,133,1,-1,-1,-1
81,7,1813,884,259,139,1,-1,-1,-1
81,8,703,920,291,135,1,-1,-1,-1
81,10,2411,714,197,103,1,-1,-1,-1
81,23,14,517,115,154,1,-1,-1,-1
81,24,291,518,186,189,1,-1,-1,-1
81,25,569,477,115,130,1,-1,-1,-1
81,26,771,45,116,61,1,-1,-1,-1
81,28,1239,56,73,57,1,-1,-1,-1
82,0,637,788,265,117,1,-1,-1,-1
82,2,1421,728,271,121,1,-1,-1,-1
82,6,1369,860,251,133,1,-1,-1,-1
82,7,1811,882,277,139,1,-1,-1,-1
82,8,727,916,291,135,1,-1,-1,-1
82,10,2393,714,197,103,1,-1,-1,-1
82,23,15,516,114,154,1,-1,-1,-1
82,24,292,517,185,189,1,-1,-1,-1
82,25,569,477,116,130,1,-1,-1,-1
82,26,771,45,116,60,1,-1,-1,-1
82,28,1237,59,73,57,1,-1,-1,-1
83,0,605,788,265,117,1,-1,-1,-1
83,2,1389,726,271,121,1,-1,-1,-1
83,6,1389,854,251,133,1,-1,-1,-1
83,7,1830,898,277,138,1,-1,-1,-1
83,8,751,922,291,135,1,-1,-1,-1
83,10,2381,716,197,103,1,-1,-1,-1
83,23,16,515,113,154,1,-1,-1,-1
83,24,291,522,185,183,1,-1,-1,-1
83,25,568,476,116,130,1,-1,-1,-1
83,26,771,45,116,60,1,-1,-1,-1
83,28,1237,57,73,57,1,-1,-1,-1
84,0,577,788,265,117,1,-1,-1,-1
84,2,1369,732,271,121,1,-1,-1,-1
84,6,1399,854,251,133,1,-1,-1,-1
84,7,1845,886,271,139,1,-1,-1,-1
84,8,779,920,291,135,1,-1,-1,-1
84,10,2359,716,197,103,1,-1,-1,-1
84,23,17,515,113,153,1,-1,-1,-1
84,24,291,527,185,178,1,-1,-1,-1
84,25,568,476,116,130,1,-1,-1,-1
84,26,769,45,116,60,1,-1,-1,-1
84,28,1237,56,74,57,1,-1,-1,-1
85,0,541,792,265,117,1,-1,-1,-1
85,2,1339,732,271,121,1,-1,-1,-1
85,6,1423,854,251,133,1,-1,-1,-1
85,7,1865,888,267,139,1,-1,-1,-1
85,8,795,914,283,135,1,-1,-1,-1
85,10,2341,712,197,103,1,-1,-1,-1
85,23,16,516,113,153,1,-1,-1,-1
85,24,290,532,186,173,1,-1,-1,-1
85,25,567,476,116,130,1,-1,-1,-1
85,26,768,45,116,60,1,-1,-1,-1
85,28,1236,55,74,58,1,-1,-1,-1
86,0,511,794,265,117,1,-1,-1,-1
86,2,1325,732,271,121,1,-1,-1,-1
86,6,1431,854,251,133,1,-1,-1,-1
86,7,1877,894,267,139,1,-1,-1,-1
86,8,825,916,283,135,1,-1,-1,-1
86,10,2331,718,197,103,1,-1,-1,-1
86,23,15,517,113,153,1,-1,-1,-1
86,24,290,538,186,167,1,-1,-1,-1
86,25,567,476,116,130,1,-1,-1,-1
86,26,767,45,116,60,1,-1,-1,-1
86,28,1235,55,74,58,1,-1,-1,-1
87,0,485,794,265,117,1,-1,-1,-1
87,2,1301,732,271,121,1,-1,-1,-1
87,6,1443,844,251,133,1,-1,-1,-1
87,7,1899,894,267,139,1,-1,-1,-1
87,8,843,918,283,135,1,-1,-1,-1
87,10,2313,722,197,103,1,-1,-1,-1
87,23,15,518,112,153,1,-1,-1,-1
87,24,289,536,186,169,1,-1,-1,-1
87,25,565,476,116,130,1,-1,-1,-1
87,26,766,46,116,60,1,-1,-1,-1
87,28,1234,55,74,58,1,-1,-1,-1
88,0,455,798,265,117,1,-1,-1,-1
88,2,1277,732,271,121,1,-1,-1,-1
88,6,1461,840,251,133,1,-1,-1,-1
88,7,1905,894,279,139,1,-1,-1,-1
88,8,861,918,283,135,1,-1,-1,-1
88,10,2297,718,197,103,1,-1,-1,-1
88,23,14,519,112,153,1,-1,-1,-1
88,24,289,535,186,170,1,-1,-1,-1
88,25,564,476,116,130,1,-1,-1,-1
88,26,766,45,115,60,1,-1,-1,-1
88,28,1233,54,74,58,1,-1,-1,-1
89,0,423,800,265,117,1,-1,-1,-1
89,2,1253,738,271,121,1,-1,-1,-1
89,6,1479,836,257,133,1,-1,-1,-1
89,7,1923,894,275,139,1,-1,-1,-1
89,8,887,916,283,135,1,-1,-1,-1
89,10,2277,718,197,103,1,-1,-1,-1
89,23,13,520,112,153,1,-1,-1,-1
89,24,289,534,186,171,1,-1,-1,-1
89,25,563,476,116,130,1,-1,-1,-1
89,26,766,45,115,60,1,-1,-1,-1
89,28,1233,54,74,57,1,-1,-1,-1
90,0,385,800,265,117,1,-1,-1,-1
90,2,1223,738,271,121,1,-1,-1,-1
90,6,1491,842,257,133,1,-1,-1,-1
90,7,1937,888,267,139,1,-1,-1,-1
90,8,911,920,283,135,1,-1,-1,-1
90,10,2271,718,203,103,1,-1,-1,-1
90,23,13,521,111,154,1,-1,-1,-1
90,24,289,533,186,172,1,-1,-1,-1
90,25,562,476,116,130,1,-1,-1,-1
90,26,766,45,114,60,1,-1,-1,-1
90,28,1233,54,73,58,1,-1,-1,-1
91,0,355,806,265,117,1,-1,-1,-1
91,2,1195,738,271,121,1,-1,-1,-1
91,6,1515,842,257,133,1,-1,-1,-1
91,7,1957,898,267,139,1,-1,-1,-1
91,8,933,920,282,135,1,-1,-1,-1
91,9,0,954,195,111,1,-1,-1,-1
91,10,2255,718,203,103,1,-1,-1,-1
91,23,10,521,115,154,1,-1,-1,-1
91,24,288,532,187,174,1,-1,-1,-1
91,25,561,475,116,130,1,-1,-1,-1
91,26,767,45,113,60,1,-1,-1,-1
91,28,1233,55,73,58,1,-1,-1,-1
92,0,325,800,265,123,1,-1,-1,-1
92,2,1177,738,271,121,1,-1,-1,-1
92,6,1531,838,257,133,1,-1,-1,-1
92,7,1963,910,291,139,1,-1,-1,-1
92,8,955,920,281,135,1,-1,-1,-1
92,9,0,954,237,111,1,-1,-1,-1
92,10,2237,716,203,109,1,-1,-1,-1
92,23,8,521,118,154,1,-1,-1,-1
92,24,287,532,188,175,1,-1,-1,-1
92,25,560,475,116,130,1,-1,-1,-1
92,26,767,45,113,60,1,-1,-1,-1
92,28,1233,54,74,58,1,-1,-1,-1
93,0,289,802,271,123,1,-1,-1,-1
93,2,1147,738,271,121,1,-1,-1,-1
93,6,1549,842,257,133,1,-1,-1,-1
93,7,1981,898,279,139,1,-1,-1,-1
93,8,977,920,280,135,1,-1,-1,-1
93,9,0,954,273,111,1,-1,-1,-1
93,10,2219,716,203,109,1,-1,-1,-1
93,23,5,521,122,154,1,-1,-1,-1
93,24,287,532,188,176,1,-1,-1,-1
93,25,559,474,116,130,1,-1,-1,-1
93,26,767,45,113,60,1,-1,-1,-1
93,28,1234,53,74,58,1,-1,-1,-1
94,0,253,802,271,123,1,-1,-1,-1
94,2,1129,740,271,121,1,-1,-1,-1
94,6,1561,840,257,133,1,-1,-1,-1
94,7,2001,910,279,139,1,-1,-1,-1
94,8,999,920,279,135,1,-1,-1,-1
94,9,7,954,305,111,1,-1,-1,-1
94,10,2203,719,201,109,1,-1,-1,-1
94,23,3,521,125,154,1,-1,-1,-1
94,24,286,532,189,177,1,-1,-1,-1
94,25,559,474,116,130,1,-1,-1,-1
94,26,768,45,113,60,1,-1,-1,-1
94,28,1232,53,75,57,1,-1,-1,-1
95,0,223,808,271,123,1,-1,-1,-1
95,2,1099,742,271,121,1,-1,-1,-1
95,6,1577,834,257,133,1,-1,-1,-1
95,7,2013,904,279,139,1,-1,-1,-1
95,8,1021,920,278,135,1,-1,-1,-1
95,9,38,947,303,121,1,-1,-1,-1
95,10,2195,716,203,109,1,-1,-1,-1
95,23,3,521,124,154,1,-1,-1,-1
95,24,286,532,189,178,1,-1,-1,-1
95,25,558,474,116,130,1,-1,-1,-1
95,26,766,45,113,60,1,-1,-1,-1
95,28,1231,53,76,57,1,-1,-1,-1
96,0,185,808,281,123,1,-1,-1,-1
96,2,1075,746,271,121,1,-1,-1,-1
96,6,1601,834,257,133,1,-1,-1,-1
96,7,2037,914,279,139,1,-1,-1,-1
96,8,1043,920,277,135,1,-1,-1,-1
96,9,83,948,305,111,1,-1,-1,-1
96,10,2181,724,203,109,1,-1,-1,-1
96,23,4,521,123,154,1,-1,-1,-1
96,24,285,531,189,179,1,-1,-1,-1
96,25,557,474,116,130,1,-1,-1,-1
96,26,765,45,113,60,1,-1,-1,-1
96,28,1230,53,77,57,1,-1,-1,-1
97,0,157,810,281,123,1,-1,-1,-1
97,2,1053,746,271,121,1,-1,-1,-1
97,6,1619,832,257,133,1,-1,-1,-1
97,7,2041,906,279,139,1,-1,-1,-1
97,8,1073,920,263,135,1,-1,-1,-1
97,9,119,944,305,111,1,-1,-1,-1
97,10,2165,730,203,109,1,-1,-1,-1
97,23,5,521,122,154,1,-1,-1,-1
97,24,284,530,189,180,1,-1,-1,-1
97,25,556,474,116,130,1,-1,-1,-1
97,26,764,46,113,60,1,-1,-1,-1
97,28,1230,54,76,56,1,-1,-1,-1
98,0,121,812,281,123,1,-1,-1,-1
98,2,1025,746,271,121,1,-1,-1,-1
98,6,1633,836,257,133,1,-1,-1,-1
98,7,2053,912,279,139,1,-1,-1,-1
98,8,1093,920,263,135,1,-1,-1,-1
98,9,161,950,305,111,1,-1,-1,-1
98,10,2155,732,179,109,1,-1,-1,-1
98,23,6,522,121,154,1,-1,-1,-1
98,24,283,529,189,181,1,-1,-1,-1
98,25,555,474,116,130,1,-1,-1,-1
98,26,764,45,113,62,1,-1,-1,-1
98,28,1230,55,76,56,1,-1,-1,-1
99,0,91,822,281,123,1,-1,-1,-1
99,2,997,750,271,121,1,-1,-1,-1
99,6,1653,832,257,133,1,-1,-1,-1
99,7,2061,930,293,139,1,-1,-1,-1
99,8,1111,920,263,135,1,-1,-1,-1
99,9,201,954,295,111,1,-1,-1,-1
99,10,2133,732,187,109,1,-1,-1,-1
99,23,4,520,128,154,1,-1,-1,-1
99,24,283,528,188,183,1,-1,-1,-1
99,25,556,477,116,131,1,-1,-1,-1
99,26,764,44,114,64,1,-1,-1,-1
99,28,1230,57,76,55,1,-1,-1,-1
100,0,59,822,281,123,1,-1,-1,-1
100,2,971,750,271,121,1,-1,-1,-1
100,6,1675,832,257,133,1,-1,-1,-1
100,7,2086,929,279,149,1,-1,-1,-1
100,8,1139,920,263,135,1,-1,-1,-1
100,9,239,948,295,111,1,-1,-1,-1
100,10,2121,720,201,109,1,-1,-1,-1
100,23,3,519,134,153,1,-1,-1,-1
100,24,283,525,188,184,1,-1,-1,-1
100,25,558,480,116,132,1,-1,-1,-1
100,26,765,44,114,65,1,-1,-1,-1
100,28,1230,56,76,55,1,-1,-1,-1
101,0,23,824,281,123,1,-1,-1,-1
101,2,943,750,271,121,1,-1,-1,-1
101,6,1693,836,257,133,1,-1,-1,-1
101,7,2097,930,279,139,1,-1,-1,-1
101,8,1157,920,263,135,1,-1,-1,-1
101,9,277,948,295,111,1,-1,-1,-1
101,10,2097,728,202,108,1,-1,-1,-1
101,23,2,517,140,153,1,-1,-1,-1
101,24,283,522,188,185,1,-1,-1,-1
101,25,560,483,116,133,1,-1,-1,-1
101,26,764,45,114,65,1,-1,-1,-1
101,28,1230,56,76,55,1,-1,-1,-1
102,0,0,826,281,123,1,-1,-1,-1
102,2,904,752,291,121,1,-1,-1,-1
102,6,1717,832,257,133,1,-1,-1,-1
102,7,2115,938,279,139,1,-1,-1,-1
102,8,1178,926,271,135,1,-1,-1,-1
102,9,301,942,295,111,1,-1,-1,-1
102,10,2088,730,195,109,1,-1,-1,-1
102,23,1,516,146,153,1,-1,-1,-1
102,24,283,520,188,186,1,-1,-1,-1
102,25,560,480,116,133,1,-1,-1,-1
102,26,763,46,114,65,1,-1,-1,-1
102,28,1230,56,77,55,1,-1,-1,-1
103,0,0,824,251,123,1,-1,-1,-1
103,2,891,752,271,121,1,-1,-1,-1
103,6,1737,826,257,133,1,-1,-1,-1
103,7,2127,940,279,140,1,-1,-1,-1
103,8,1197,918,263,135,1,-1,-1,-1
103,9,343,940,293,111,1,-1,-1,-1
103,10,2057,730,201,109,1,-1,-1,-1
103,23,1,516,144,153,1,-1,-1,-1
103,24,283,517,188,187,1,-1,-1,-1
103,25,560,477,116,133,1,-1,-1,-1
103,26,762,47,114,66,1,-1,-1,-1
103,28,1231,56,77,55,1,-1,-1,-1
104,0,0,828,211,123,1,-1,-1,-1
104,2,861,758,271,121,1,-1,-1,-1
104,6,1755,826,257,133,1,-1,-1,-1
104,7,2142,943,279,138,1,-1,-1,-1
104,8,1219,922,263,135,1,-1,-1,-1
104,9,397,940,277,111,1,-1,-1,-1
104,10,2053,730,201,109,1,-1,-1,-1
104,23,2,517,142,152,1,-1,-1,-1
104,24,283,515,189,188,1,-1,-1,-1
104,25,560,474,116,133,1,-1,-1,-1
104,26,761,44,114,66,1,-1,-1,-1
104,28,1231,56,77,55,1,-1,-1,-1
105,0,0,820,181,123,1,-1,-1,-1
105,2,829,756,279,121,1,-1,-1,-1
105,6,1779,822,257,133,1,-1,-1,-1
105,7,2153,944,279,137,1,-1,-1,-1
105,8,1243,922,263,135,1,-1,-1,-1
105,9,419,940,277,111,1,-1,-1,-1
105,10,2036,730,201,109,1,-1,-1,-1
105,11,2550,715,167,95,1,-1,-1,-1
105,23,2,518,141,152,1,-1,-1,-1
105,24,282,515,189,189,1,-1,-1,-1
105,25,560,472,117,133,1,-1,-1,-1
105,26,760,42,114,66,1,-1,-1,-1
105,28,1231,56,77,55,1,-1,-1,-1
106,0,0,826,147,123,1,-1,-1,-1
106,2,807,756,279,121,1,-1,-1,-1
106,6,1793,822,257,133,1,-1,-1,-1
106,7,2169,942,279,139,1,-1,-1,-1
106,8,1261,922,263,135,1,-1,-1,-1
106,9,455,938,277,111,1,-1,-1,-1
106,10,2025,730,201,109,1,-1,-1,-1
106,11,2531,713,188,98,1,-1,-1,-1
106,23,3,518,138,152,1,-1,-1,-1
106,24,282,515,189,190,1,-1,-1,-1
106,25,559,470,117,133,1,-1,-1,-1
106,26,761,40,113,66,1,-1,-1,-1
106,28,1230,52,76,52,1,-1,-1,-1
107,0,0,826,117,123,1,-1,-1,-1
107,2,782,746,279,131,1,-1,-1,-1
107,6,1819,820,257,133,1,-1,-1,-1
107,7,2181,944,279,139,1,-1,-1,-1
107,8,1283,916,263,135,1,-1,-1,-1
107,9,505,934,277,111,1,-1,-1,-1
107,10,2007,730,201,109,1,-1,-1,-1
107,11,2521,720,195,91,1,-1,-1,-1
107,23,3,519,137,151,1,-1,-1,-1
107,24,282,515,188,191,1,-1,-1,-1
107,25,558,468,117,133,1,-1,-1,-1
107,26,762,39,113,66,1,-1,-1,-1
107,28,1228,53,76,52,1,-1,-1,-1
108,0,0,826,87,123,1,-1,-1,-1
108,2,739,749,293,132,1,-1,-1,-1
108,6,1843,820,257,133,1,-1,-1,-1
108,7,2187,944,279,139,1,-1,-1,-1
108,8,1309,916,263,135,1,-1,-1,-1
108,9,545,934,277,111,1,-1,-1,-1
108,10,1993,726,201,109,1,-1,-1,-1
108,11,2503,704,215,105,1,-1,-1,-1
108,23,4,520,135,151,1,-1,-1,-1
108,24,282,515,188,193,1,-1,-1,-1
108,25,557,466,117,133,1,-1,-1,-1
108,26,761,41,114,65,1,-1,-1,-1
108,28,1229,54,76,52,1,-1,-1,-1
109,2,723,760,279,121,1,-1,-1,-1
109,6,1867,812,257,133,1,-1,-1,-1
109,7,2193,944,279,139,1,-1,-1,-1
109,8,1335,920,263,135,1,-1,-1,-1
109,9,577,932,277,111,1,-1,-1,-1
109,10,1975,724,201,109,1,-1,-1,-1
109,11,2489,704,227,107,1,-1,-1,-1
109,23,3,519,133,151,1,-1,-1,-1
109,24,283,513,189,194,1,-1,-1,-1
109,25,557,465,117,133,1,-1,-1,-1
109,26,761,43,114,65,1,-1,-1,-1
109,28,1229,55,76,52,1,-1,-1,-1
110,2,695,762,279,121,1,-1,-1,-1
110,6,1895,812,257,133,1,-1,-1,-1
110,7,2199,944,279,139,1,-1,-1,-1
110,8,1353,922,263,135,1,-1,-1,-1
110,9,613,926,277,111,1,-1,-1,-1
110,10,1965,724,201,109,1,-1,-1,-1
110,11,2475,708,241,106,1,-1,-1,-1
110,23,2,519,132,151,1,-1,-1,-1
110,24,285,512,189,195,1,-1,-1,-1
110,25,555,466,117,133,1,-1,-1,-1
110,26,761,42,114,65,1,-1,-1,-1
110,28,1229,54,76,52,1,-1,-1,-1
111,2,671,760,279,121,1,-1,-1,-1
111,6,1915,814,257,133,1,-1,-1,-1
111,7,2219,950,279,139,1,-1,-1,-1
111,8,1369,920,263,135,1,-1,-1,-1
111,9,645,924,277,111,1,-1,-1,-1
111,10,1943,728,201,109,1,-1,-1,-1
111,11,2471,704,233,107,1,-1,-1,-1
111,23,2,519,130,151,1,-1,-1,-1
111,24,287,511,189,196,1,-1,-1,-1
111,25,553,467,117,133,1,-1,-1,-1
111,26,762,41,113,65,1,-1,-1,-1
111,28,1227,52,76,53,1,-1,-1,-1
112,2,645,758,279,121,1,-1,-1,-1
112,6,1939,814,257,133,1,-1,-1,-1
112,7,2237,954,279,139,1,-1,-1,-1
112,8,1395,920,263,135,1,-1,-1,-1
112,9,675,920,277,111,1,-1,-1,-1
112,10,1931,728,201,109,1,-1,-1,-1
112,11,2447,702,233,107,1,-1,-1,-1
112,23,2,518,128,150,1,-1,-1,-1
112,24,283,518,189,189,1,-1,-1,-1
112,25,552,468,117,133,1,-1,-1,-1
112,26,763,41,113,65,1,-1,-1,-1
112,28,1228,55,76,53,1,-1,-1,-1
113,2,599,751,300,132,1,-1,-1,-1
113,6,1963,814,257,133,1,-1,-1,-1
113,7,2251,954,279,139,1,-1,-1,-1
113,8,1417,920,263,135,1,-1,-1,-1
113,9,703,916,277,111,1,-1,-1,-1
113,10,1915,728,201,109,1,-1,-1,-1
113,11,2439,708,233,107,1,-1,-1,-1
113,23,2,517,126,150,1,-1,-1,-1
113,24,280,525,188,183,1,-1,-1,-1
113,25,553,467,117,133,1,-1,-1,-1
113,26,763,41,113,65,1,-1,-1,-1
113,28,1228,56,73,52,1,-1,-1,-1
114,2,578,758,295,131,1,-1,-1,-1
114,6,1977,808,257,133,1,-1,-1,-1
114,7,2261,962,279,139,1,-1,-1,-1
114,8,1435,918,263,135,1,-1,-1,-1
114,9,739,922,277,111,1,-1,-1,-1
114,10,1891,728,201,109,1,-1,-1,-1
114,11,2421,708,233,107,1,-1,-1,-1
114,23,2,516,125,150,1,-1,-1,-1
114,24,277,532,188,177,1,-1,-1,-1
114,25,555,467,117,133,1,-1,-1,-1
114,26,763,41,113,66,1,-1,-1,-1
114,28,1227,51,76,60,1,-1,-1,-1
115,2,555,758,279,131,1,-1,-1,-1
115,6,2001,808,257,133,1,-1,-1,-1
115,7,2287,962,279,139,1,-1,-1,-1
115,8,1453,918,263,135,1,-1,-1,-1
115,9,775,916,277,111,1,-1,-1,-1
115,10,1869,728,201,109,1,-1,-1,-1
115,11,2407,706,233,107,1,-1,-1,-1
115,23,2,515,123,150,1,-1,-1,-1
115,24,277,532,188,176,1,-1,-1,-1
115,25,557,467,117,133,1,-1,-1,-1
115,26,764,42,113,66,1,-1,-1,-1
115,28,1228,50,74,60,1,-1,-1,-1
116,2,525,758,291,131,1,-1,-1,-1
116,6,2031,814,257,133,1,-1,-1,-1
116,7,2290,960,279,139,1,-1,-1,-1
116,8,1479,912,263,135,1,-1,-1,-1
116,9,815,914,277,111,1,-1,-1,-1
116,10,1859,734,201,109,1,-1,-1,-1
116,11,2395,706,233,107,1,-1,-1,-1
116,23,2,515,122,149,1,-1,-1,-1
116,24,277,533,188,175,1,-1,-1,-1
116,25,557,468,117,133,1,-1,-1,-1
116,26,763,41,112,66,1,-1,-1,-1
116,28,1229,50,74,58,1,-1,-1,-1
117,2,491,754,291,131,1,-1,-1,-1
117,6,2057,810,257,121,1,-1,-1,-1
117,7,2293,958,279,139,1,-1,-1,-1
117,8,1501,910,263,135,1,-1,-1,-1
117,9,837,914,277,111,1,-1,-1,-1
117,10,1843,736,201,109,1,-1,-1,-1
117,11,2381,702,233,107,1,-1,-1,-1
117,23,2,516,120,148,1,-1,-1,-1
117,24,277,534,188,173,1,-1,-1,-1
117,25,557,469,117,133,1,-1,-1,-1
117,26,762,40,111,66,1,-1,-1,-1
117,28,1228,52,73,58,1,-1,-1,-1
118,2,473,758,291,131,1,-1,-1,-1
118,6,2087,810,257,121,1,-1,-1,-1
118,7,2324,964,279,140,1,-1,-1,-1
118,8,1517,904,263,135,1,-1,-1,-1
118,9,875,914,277,111,1,-1,-1,-1
118,10,1831,736,201,109,1,-1,-1,-1
118,11,2361,702,233,107,1,-1,-1,-1
118,23,2,517,118,148,1,-1,-1,-1
118,24,277,535,188,172,1,-1,-1,-1
118,25,557,470,117,133,1,-1,-1,-1
118,26,761,39,111,66,1,-1,-1,-1
118,28,1223,52,81,57,1,-1,-1,-1
119,2,447,758,291,131,1,-1,-1,-1
119,6,2105,810,257,121,1,-1,-1,-1
119,7,2331,952,279,139,1,-1,-1,-1
119,8,1545,900,263,135,1,-1,-1,-1
119,9,911,914,277,111,1,-1,-1,-1
119,10,1813,730,201,109,1,-1,-1,-1
119,11,2349,702,233,107,1,-1,-1,-1
119,23,2,518,116,148,1,-1,-1,-1
119,24,275,531,189,175,1,-1,-1,-1
119,25,557,472,117,133,1,-1,-1,-1
119,26,760,38,111,66,1,-1,-1,-1
119,28,1224,50,79,55,1,-1,-1,-1
120,2,417,758,291,131,1,-1,-1,-1
120,6,2135,810,257,121,1,-1,-1,-1
120,7,2345,952,279,139,1,-1,-1,-1
120,8,1569,896,263,135,1,-1,-1,-1
120,9,953,914,261,111,1,-1,-1,-1
120,10,1797,730,201,109,1,-1,-1,-1
120,11,2337,702,233,107,1,-1,-1,-1
120,23,2,517,113,148,1,-1,-1,-1
120,24,274,528,189,178,1,-1,-1,-1
120,25,556,468,117,133,1,-1,-1,-1
120,26,759,37,111,66,1,-1,-1,-1
120,28,1226,52,77,52,1,-1,-1,-1
121,2,375,759,309,130,1,-1,-1,-1
121,6,2165,810,257,121,1,-1,-1,-1
121,7,2365,954,279,139,1,-1,-1,-1
121,8,1591,898,263,135,1,-1,-1,-1
121,9,979,906,261,111,1,-1,-1,-1
121,10,1783,730,201,109,1,-1,-1,-1
121,11,2319,708,233,107,1,-1,-1,-1
121,23,2,516,111,148,1,-1,-1,-1
121,24,272,525,190,180,1,-1,-1,-1
121,25,556,465,116,133,1,-1,-1,-1
121,26,759,36,111,66,1,-1,-1,-1
121,28,1223,53,77,52,1,-1,-1,-1
122,2,355,764,309,131,1,-1,-1,-1
122,6,2177,804,257,121,1,-1,-1,-1
122,7,2389,954,279,139,1,-1,-1,-1
122,8,1615,892,263,135,1,-1,-1,-1
122,9,1013,906,261,111,1,-1,-1,-1
122,10,1757,728,201,109,1,-1,-1,-1
122,11,2307,706,233,107,1,-1,-1,-1
122,23,2,515,108,148,1,-1,-1,-1
122,24,271,522,191,183,1,-1,-1,-1
122,25,554,467,117,133,1,-1,-1,-1
122,26,759,37,111,66,1,-1,-1,-1
122,28,1226,53,77,52,1,-1,-1,-1
123,2,327,764,309,131,1,-1,-1,-1
123,6,2213,802,257,121,1,-1,-1,-1
123,7,2401,954,279,139,1,-1,-1,-1
123,8,1641,892,263,135,1,-1,-1,-1
123,9,1045,904,261,111,1,-1,-1,-1
123,10,1747,732,201,109,1,-1,-1,-1
123,11,2295,706,233,107,1,-1,-1,-1
123,23,2,514,106,148,1,-1,-1,-1
123,24,272,522,192,184,1,-1,-1,-1
123,25,553,469,117,134,1,-1,-1,-1
123,26,760,39,111,66,1,-1,-1,-1
123,28,1227,50,74,52,1,-1,-1,-1
124,2,303,764,309,131,1,-1,-1,-1
124,6,2243,794,257,121,1,-1,-1,-1
124,7,2413,954,279,139,1,-1,-1,-1
124,8,1663,892,263,135,1,-1,-1,-1
124,9,1069,898,261,111,1,-1,-1,-1
124,10,1729,732,201,109,1,-1,-1,-1
124,11,2281,706,233,107,1,-1,-1,-1
124,23,1,514,111,148,1,-1,-1,-1
124,24,273,522,193,185,1,-1,-1,-1
124,25,552,471,117,135,1,-1,-1,-1
124,26,759,40,111,64,1,-1,-1,-1
124,28,1228,51,73,49,1,-1,-1,-1
125,2,263,763,324,137,1,-1,-1,-1
125,6,2271,792,257,121,1,-1,-1,-1
125,7,2431,958,279,139,1,-1,-1,-1
125,8,1681,890,263,135,1,-1,-1,-1
125,9,1105,898,261,111,1,-1,-1,-1
125,10,1717,732,201,109,1,-1,-1,-1
125,11,2267,706,233,107,1,-1,-1,-1
125,23,0,514,117,148,1,-1,-1,-1
125,24,275,522,193,186,1,-1,-1,-1
125,25,553,469,117,135,1,-1,-1,-1
125,26,758,41,111,63,1,-1,-1,-1
125,28,1226,49,77,58,1,-1,-1,-1
126,2,243,770,309,131,1,-1,-1,-1
126,6,2289,792,257,121,1,-1,-1,-1
126,7,2443,970,275,139,1,-1,-1,-1
126,8,1705,890,263,135,1,-1,-1,-1
126,9,1141,898,261,111,1,-1,-1,-1
126,10,1695,738,201,109,1,-1,-1,-1
126,11,2253,706,233,107,1,-1,-1,-1
126,23,0,514,120,151,1,-1,-1,-1
126,24,275,518,191,187,1,-1,-1,-1
126,25,553,469,117,135,1,-1,-1,-1
126,26,759,35,111,61,1,-1,-1,-1
126,28,1228,50,74,53,1,-1,-1,-1
127,2,213,762,316,148,1,-1,-1,-1
127,6,2319,798,257,122,1,-1,-1,-1
127,7,2437,964,275,139,1,-1,-1,-1
127,8,1731,880,263,135,1,-1,-1,-1
127,9,1169,896,261,111,1,-1,-1,-1
127,10,1677,734,201,109,1,-1,-1,-1
127,11,2235,706,233,107,1,-1,-1,-1
127,23,0,515,124,153,1,-1,-1,-1
127,24,276,514,188,189,1,-1,-1,-1
127,25,554,470,117,135,1,-1,-1,-1
127,26,758,36,113,66,1,-1,-1,-1
127,28,1224,44,79,60,1,-1,-1,-1
