1,26,1598,632,300,236,1,-1,-1,-1
1,27,910,203,169,85,1,-1,-1,-1
1,28,1353,177,157,81,1,-1,-1,-1
1,30,1253,114,155,58,1,-1,-1,-1
1,31,122,234,212,76,1,-1,-1,-1
1,32,1656,137,129,57,1,-1,-1,-1
1,33,362,192,169,72,1,-1,-1,-1
1,34,49,183,198,87,1,-1,-1,-1
1,35,330,133,164,60,1,-1,-1,-1
1,36,635,165,159,69,1,-1,-1,-1
1,39,1626,106,150,52,1,-1,-1,-1
1,61,903,4,50,49,1,-1,-1,-1
2,26,1598,631,300,236,1,-1,-1,-1
2,27,902,200,169,85,1,-1,-1,-1
2,28,1346,179,157,81,1,-1,-1,-1
2,30,1242,114,155,58,1,-1,-1,-1
2,31,131,233,212,76,1,-1,-1,-1
2,32,1648,137,129,58,1,-1,-1,-1
2,33,368,191,169,72,1,-1,-1,-1
2,34,56,182,198,87,1,-1,-1,-1
2,35,317,132,164,60,1,-1,-1,-1
2,36,626,163,160,69,1,-1,-1,-1
2,39,1618,105,150,53,1,-1,-1,-1
2,61,903,3,50,49,1,-1,-1,-1
3,26,1599,630,299,236,1,-1,-1,-1
3,27,895,198,169,85,1,-1,-1,-1
3,28,1340,181,157,81,1,-1,-1,-1
3,30,1232,114,155,58,1,-1,-1,-1
3,31,141,232,212,76,1,-1,-1,-1
3,32,1641,138,129,59,1,-1,-1,-1
3,33,374,190,169,72,1,-1,-1,-1
3,34,63,181,198,87,1,-1,-1,-1
3,35,304,131,164,61,1,-1,-1,-1
3,36,618,162,160,69,1,-1,-1,-1
3,39,1610,105,150,53,1,-1,-1,-1
3,61,904,3,50,49,1,-1,-1,-1
4,26,1600,629,299,236,1,-1,-1,-1
4,27,888,196,169,85,1,-1,-1,-1
4,28,1334,183,157,81,1,-1,-1,-1
4,30,1222,114,154,58,1,-1,-1,-1
4,31,151,231,212,76,1,-1,-1,-1
4,32,1634,139,129,59,1,-1,-1,-1
4,33,380,190,169,72,1,-1,-1,-1
4,34,70,180,198,87,1,-1,-1,-1
4,35,291,130,164,62,1,-1,-1,-1
4,36,610,160,160,69,1,-1,-1,-1
4,39,1602,105,150,53,1,-1,-1,-1
4,61,904,3,50,48,1,-1,-1,-1
5,26,1601,628,298,236,1,-1,-1,-1
5,27,880,193,170,85,1,-1,-1,-1
5,28,1328,185,157,81,1,-1,-1,-1
5,30,1212,114,154,58,1,-1,-1,-1
5,31,161,231,212,76,1,-1,-1,-1
5,32,1627,140,128,60,1,-1,-1,-1
5,33,386,189,169,72,1,-1,-1,-1
5,34,77,180,198,87,1,-1,-1,-1
5,35,278,130,164,61,1,-1,-1,-1
5,36,602,159,160,69,1,-1,-1,-1
5,39,1594,105,150,54,1,-1,-1,-1
5,61,905,2,50,49,1,-1,-1,-1
6,26,1601,627,299,236,1,-1,-1,-1
6,27,873,191,169,85,1,-1,-1,-1
6,28,1322,187,157,81,1,-1,-1,-1
6,30,1202,114,154,58,1,-1,-1,-1
6,31,171,230,212,76,1,-1,-1,-1
6,32,1619,141,129,60,1,-1,-1,-1
6,33,392,189,169,72,1,-1,-1,-1
6,34,84,179,198,87,1,-1,-1,-1
6,35,265,129,164,62,1,-1,-1,-1
6,36,594,157,160,70,1,-1,-1,-1
6,39,1587,105,149,54,1,-1,-1,-1
6,61,906,2,49,49,1,-1,-1,-1
7,26,1602,627,298,236,1,-1,-1,-1
7,27,866,189,169,85,1,-1,-1,-1
7,28,1316,189,157,81,1,-1,-1,-1
7,30,1191,114,154,58,1,-1,-1,-1
7,31,181,229,212,76,1,-1,-1,-1
7,32,1612,142,129,61,1,-1,-1,-1
7,33,399,188,169,72,1,-1,-1,-1
7,34,92,178,197,87,1,-1,-1,-1
7,35,252,128,164,63,1,-1,-1,-1
7,36,585,156,161,69,1,-1,-1,-1
7,39,1579,105,149,54,1,-1,-1,-1
7,61,906,2,50,48,1,-1,-1,-1
8,26,1603,626,297,236,1,-1,-1,-1
8,27,858,186,170,85,1,-1,-1,-1
8,28,1309,190,157,81,1,-1,-1,-1
8,30,1180,114,154,58,1,-1,-1,-1
8,31,190,229,212,76,1,-1,-1,-1
8,32,1605,143,128,61,1,-1,-1,-1
8,33,405,188,169,72,1,-1,-1,-1
8,34,99,177,197,87,1,-1,-1,-1
8,35,239,128,164,62,1,-1,-1,-1
8,36,577,154,161,70,1,-1,-1,-1
8,39,1571,105,149,55,1,-1,-1,-1
8,61,907,1,49,49,1,-1,-1,-1
9,26,1604,625,297,236,1,-1,-1,-1
9,27,851,184,170,85,1,-1,-1,-1
9,28,1302,192,157,81,1,-1,-1,-1
9,30,1169,114,154,58,1,-1,-1,-1
9,31,200,228,212,76,1,-1,-1,-1
9,32,1598,144,128,62,1,-1,-1,-1
9,33,411,187,169,72,1,-1,-1,-1
9,34,106,177,197,87,1,-1,-1,-1
9,35,226,127,164,63,1,-1,-1,-1
9,36,569,153,161,69,1,-1,-1,-1
9,39,1563,105,149,55,1,-1,-1,-1
9,61,907,1,50,48,1,-1,-1,-1
10,26,1604,624,297,236,1,-1,-1,-1
10,27,844,182,170,85,1,-1,-1,-1
10,28,1296,194,157,81,1,-1,-1,-1
10,30,1158,114,154,58,1,-1,-1,-1
10,31,210,227,212,76,1,-1,-1,-1
10,32,1591,145,128,63,1,-1,-1,-1
10,33,417,186,169,72,1,-1,-1,-1
10,34,113,176,197,87,1,-1,-1,-1
10,35,213,126,164,64,1,-1,-1,-1
10,36,561,151,161,70,1,-1,-1,-1
10,39,1556,105,148,55,1,-1,-1,-1
10,61,908,1,49,48,1,-1,-1,-1
11,26,1605,623,297,236,1,-1,-1,-1
11,27,836,178,170,85,1,-1,-1,-1
11,28,1289,196,157,81,1,-1,-1,-1
11,30,1148,115,154,58,1,-1,-1,-1
11,31,220,227,212,76,1,-1,-1,-1
11,32,1584,145,127,64,1,-1,-1,-1
11,33,423,186,169,72,1,-1,-1,-1
11,34,120,175,197,87,1,-1,-1,-1
11,35,200,126,164,64,1,-1,-1,-1
11,36,553,150,161,70,1,-1,-1,-1
11,39,1548,105,148,55,1,-1,-1,-1
11,61,909,1,49,48,1,-1,-1,-1
12,26,1606,622,296,236,1,-1,-1,-1
12,27,829,175,169,85,1,-1,-1,-1
12,28,1283,198,157,81,1,-1,-1,-1
12,30,1137,113,154,58,1,-1,-1,-1
12,31,230,226,212,76,1,-1,-1,-1
12,32,1577,146,127,65,1,-1,-1,-1
12,33,430,185,169,72,1,-1,-1,-1
12,34,128,175,197,87,1,-1,-1,-1
12,35,184,125,166,64,1,-1,-1,-1
12,36,542,149,162,70,1,-1,-1,-1
12,39,1540,105,148,56,1,-1,-1,-1
12,61,909,1,49,48,1,-1,-1,-1
13,26,1607,622,296,236,1,-1,-1,-1
13,27,822,172,168,84,1,-1,-1,-1
13,28,1278,198,157,83,1,-1,-1,-1
13,30,1126,112,154,58,1,-1,-1,-1
13,31,240,225,212,76,1,-1,-1,-1
13,32,1570,147,126,66,1,-1,-1,-1
13,33,436,185,169,72,1,-1,-1,-1
13,34,134,175,197,87,1,-1,-1,-1
13,35,169,125,168,64,1,-1,-1,-1
13,36,532,148,163,70,1,-1,-1,-1
13,39,1532,105,148,56,1,-1,-1,-1
13,61,909,1,49,48,1,-1,-1,-1
14,26,1609,624,294,236,1,-1,-1,-1
14,27,815,169,167,84,1,-1,-1,-1
14,28,1273,199,158,84,1,-1,-1,-1
14,30,1115,110,154,58,1,-1,-1,-1
14,31,250,225,212,76,1,-1,-1,-1
14,32,1563,148,126,67,1,-1,-1,-1
14,33,442,184,169,72,1,-1,-1,-1
14,34,140,175,197,87,1,-1,-1,-1
14,35,154,125,170,64,1,-1,-1,-1
14,36,522,147,164,70,1,-1,-1,-1
14,39,1525,105,147,56,1,-1,-1,-1
14,61,910,1,49,48,1,-1,-1,-1
15,26,1611,627,292,236,1,-1,-1,-1
15,27,808,166,167,84,1,-1,-1,-1
15,28,1269,200,157,85,1,-1,-1,-1
15,30,1104,109,154,58,1,-1,-1,-1
15,31,261,224,212,76,1,-1,-1,-1
15,32,1556,149,126,67,1,-1,-1,-1
15,33,448,184,169,72,1,-1,-1,-1
15,34,146,175,197,87,1,-1,-1,-1
15,35,139,125,172,64,1,-1,-1,-1
15,36,512,146,165,70,1,-1,-1,-1
15,39,1517,105,147,57,1,-1,-1,-1
15,61,910,1,49,48,1,-1,-1,-1
16,26,1613,629,290,237,1,-1,-1,-1
16,27,801,164,167,84,1,-1,-1,-1
16,28,1264,201,158,86,1,-1,-1,-1
16,30,1094,109,154,58,1,-1,-1,-1
16,31,273,224,212,76,1,-1,-1,-1
16,32,1549,150,125,68,1,-1,-1,-1
16,33,454,183,169,72,1,-1,-1,-1
16,34,152,175,197,87,1,-1,-1,-1
16,35,125,125,169,64,1,-1,-1,-1
16,36,502,145,166,70,1,-1,-1,-1
16,39,1509,105,147,57,1,-1,-1,-1
16,40,1767,92,128,60,1,-1,-1,-1
16,61,911,1,49,48,1,-1,-1,-1
17,26,1616,632,287,237,1,-1,-1,-1
17,27,795,163,166,83,1,-1,-1,-1
17,28,1259,202,158,87,1,-1,-1,-1
17,30,1085,110,154,58,1,-1,-1,-1
17,31,285,224,212,76,1,-1,-1,-1
17,32,1542,151,125,69,1,-1,-1,-1
17,33,461,183,169,72,1,-1,-1,-1
17,34,158,176,197,87,1,-1,-1,-1
17,35,111,125,166,65,1,-1,-1,-1
17,36,491,144,168,70,1,-1,-1,-1
17,39,1501,105,147,57,1,-1,-1,-1
17,40,1760,92,130,60,1,-1,-1,-1
17,61,911,1,49,48,1,-1,-1,-1
18,26,1618,635,285,236,1,-1,-1,-1
18,27,788,161,167,83,1,-1,-1,-1
18,28,1255,203,158,88,1,-1,-1,-1
18,30,1076,110,154,58,1,-1,-1,-1
18,31,297,224,212,76,1,-1,-1,-1
18,32,1535,152,125,70,1,-1,-1,-1
18,33,466,184,169,72,1,-1,-1,-1
18,34,164,176,197,87,1,-1,-1,-1
18,35,97,125,163,66,1,-1,-1,-1
18,36,481,143,169,70,1,-1,-1,-1
18,39,1494,105,146,58,1,-1,-1,-1
18,40,1754,93,131,60,1,-1,-1,-1
18,61,912,1,48,48,1,-1,-1,-1
19,26,1620,637,283,237,1,-1,-1,-1
19,27,782,160,166,82,1,-1,-1,-1
19,28,1251,207,158,89,1,-1,-1,-1
19,30,1067,111,154,58,1,-1,-1,-1
19,31,309,224,212,76,1,-1,-1,-1
19,32,1532,155,125,70,1,-1,-1,-1
19,33,472,185,168,73,1,-1,-1,-1
19,34,170,176,197,87,1,-1,-1,-1
19,35,83,126,160,66,1,-1,-1,-1
19,36,471,142,170,70,1,-1,-1,-1
19,39,1487,106,146,58,1,-1,-1,-1
19,40,1748,94,133,60,1,-1,-1,-1
19,61,912,1,49,48,1,-1,-1,-1
20,26,1622,640,281,237,1,-1,-1,-1
20,27,776,159,166,81,1,-1,-1,-1
20,28,1247,211,158,90,1,-1,-1,-1
20,30,1055,112,155,58,1,-1,-1,-1
20,31,317,226,212,76,1,-1,-1,-1
20,32,1529,158,125,70,1,-1,-1,-1
20,33,477,186,169,74,1,-1,-1,-1
20,34,176,176,197,87,1,-1,-1,-1
20,35,69,126,158,67,1,-1,-1,-1
20,36,461,141,171,70,1,-1,-1,-1
20,39,1480,107,146,58,1,-1,-1,-1
20,40,1742,95,134,59,1,-1,-1,-1
20,61,913,1,48,48,1,-1,-1,-1
21,26,1625,643,278,237,1,-1,-1,-1
21,27,769,160,166,81,1,-1,-1,-1
21,28,1244,215,157,91,1,-1,-1,-1
21,30,1044,113,156,58,1,-1,-1,-1
21,31,325,228,212,76,1,-1,-1,-1
21,32,1527,161,125,70,1,-1,-1,-1
21,33,483,187,168,75,1,-1,-1,-1
21,34,182,177,197,87,1,-1,-1,-1
21,35,55,126,155,68,1,-1,-1,-1
21,36,451,140,172,70,1,-1,-1,-1
21,39,1473,108,146,58,1,-1,-1,-1
21,40,1735,96,137,59,1,-1,-1,-1
21,61,913,1,49,48,1,-1,-1,-1
22,26,1633,651,269,238,1,-1,-1,-1
22,27,762,161,166,81,1,-1,-1,-1
22,28,1240,219,157,92,1,-1,-1,-1
22,30,1033,114,157,58,1,-1,-1,-1
22,31,333,230,212,76,1,-1,-1,-1
22,32,1524,165,125,70,1,-1,-1,-1
22,33,488,188,168,76,1,-1,-1,-1
22,34,188,177,197,87,1,-1,-1,-1
22,35,41,127,152,68,1,-1,-1,-1
22,36,441,140,173,70,1,-1,-1,-1
22,39,1467,109,146,58,1,-1,-1,-1
22,40,1729,97,138,59,1,-1,-1,-1
22,61,914,1,48,48,1,-1,-1,-1
23,26,1641,659,261,239,1,-1,-1,-1
23,27,755,162,166,81,1,-1,-1,-1
23,28,1236,223,157,93,1,-1,-1,-1
23,30,1021,115,158,58,1,-1,-1,-1
23,31,341,232,212,76,1,-1,-1,-1
23,32,1522,168,125,70,1,-1,-1,-1
23,33,494,189,168,77,1,-1,-1,-1
23,34,194,177,197,87,1,-1,-1,-1
23,35,27,127,149,69,1,-1,-1,-1
23,36,427,141,174,70,1,-1,-1,-1
23,39,1460,110,146,58,1,-1,-1,-1
23,40,1723,98,140,58,1,-1,-1,-1
23,61,914,1,48,48,1,-1,-1,-1
24,26,1649,667,252,240,1,-1,-1,-1
24,27,749,163,166,81,1,-1,-1,-1
24,28,1233,227,157,94,1,-1,-1,-1
24,30,1010,116,159,58,1,-1,-1,-1
24,31,349,234,212,76,1,-1,-1,-1
24,32,1519,171,125,70,1,-1,-1,-1
24,33,499,190,168,78,1,-1,-1,-1
24,34,200,177,197,87,1,-1,-1,-1
24,35,13,127,146,70,1,-1,-1,-1
24,36,414,142,175,70,1,-1,-1,-1
24,39,1453,111,146,58,1,-1,-1,-1
24,40,1717,99,141,58,1,-1,-1,-1
24,61,915,1,48,48,1,-1,-1,-1
25,26,1657,675,244,241,1,-1,-1,-1
25,27,742,164,166,81,1,-1,-1,-1
25,28,1229,233,159,96,1,-1,-1,-1
25,30,999,117,160,58,1,-1,-1,-1
25,31,357,236,212,76,1,-1,-1,-1
25,32,1517,175,125,70,1,-1,-1,-1
25,33,505,191,167,79,1,-1,-1,-1
25,34,207,178,197,87,1,-1,-1,-1
25,36,401,144,176,69,1,-1,-1,-1
25,39,1447,113,146,58,1,-1,-1,-1
25,40,1711,100,143,58,1,-1,-1,-1
25,61,915,1,48,48,1,-1,-1,-1
26,26,1665,683,235,242,1,-1,-1,-1
26,27,735,165,166,81,1,-1,-1,-1
26,28,1225,239,162,98,1,-1,-1,-1
26,30,988,119,161,57,1,-1,-1,-1
26,31,365,238,212,76,1,-1,-1,-1
26,32,1513,179,126,72,1,-1,-1,-1
26,33,511,193,167,79,1,-1,-1,-1
26,34,209,180,197,89,1,-1,-1,-1
26,36,388,145,177,70,1,-1,-1,-1
26,39,1440,114,147,58,1,-1,-1,-1
26,40,1705,102,143,58,1,-1,-1,-1
26,61,916,1,48,48,1,-1,-1,-1
27,27,729,167,166,81,1,-1,-1,-1
27,28,1221,245,164,100,1,-1,-1,-1
27,30,979,121,161,57,1,-1,-1,-1
27,31,372,240,213,78,1,-1,-1,-1
27,32,1510,183,126,74,1,-1,-1,-1
27,33,514,196,167,79,1,-1,-1,-1
27,34,211,183,197,90,1,-1,-1,-1
27,36,375,146,178,70,1,-1,-1,-1
27,39,1433,116,149,58,1,-1,-1,-1
27,40,1699,105,143,58,1,-1,-1,-1
27,61,916,2,48,48,1,-1,-1,-1
28,27,719,167,167,81,1,-1,-1,-1
28,28,1218,251,166,102,1,-1,-1,-1
28,30,970,123,161,57,1,-1,-1,-1
28,31,380,243,214,79,1,-1,-1,-1
28,32,1506,187,128,77,1,-1,-1,-1
28,33,518,200,166,79,1,-1,-1,-1
28,34,214,186,196,91,1,-1,-1,-1
28,36,362,148,179,69,1,-1,-1,-1
28,39,1426,118,151,58,1,-1,-1,-1
28,40,1693,108,143,58,1,-1,-1,-1
28,41,3,237,197,83,1,-1,-1,-1
28,61,917,3,48,48,1,-1,-1,-1
29,27,710,168,168,80,1,-1,-1,-1
29,28,1214,257,168,104,1,-1,-1,-1
29,30,961,125,161,57,1,-1,-1,-1
29,31,388,246,215,80,1,-1,-1,-1
29,32,1503,191,128,79,1,-1,-1,-1
29,33,522,203,166,80,1,-1,-1,-1
29,34,216,189,196,92,1,-1,-1,-1
29,36,349,149,180,69,1,-1,-1,-1
29,39,1419,120,152,58,1,-1,-1,-1
29,40,1688,111,143,58,1,-1,-1,-1
29,41,8,241,198,82,1,-1,-1,-1
29,61,918,4,48,48,1,-1,-1,-1
30,27,701,169,169,79,1,-1,-1,-1
30,28,1210,263,171,106,1,-1,-1,-1
30,30,951,127,161,58,1,-1,-1,-1
30,31,395,248,216,82,1,-1,-1,-1
30,32,1499,195,130,82,1,-1,-1,-1
30,33,526,207,165,80,1,-1,-1,-1
30,34,218,192,196,93,1,-1,-1,-1
30,36,336,151,181,69,1,-1,-1,-1
30,39,1412,122,154,58,1,-1,-1,-1
30,40,1684,113,143,59,1,-1,-1,-1
30,41,13,245,199,82,1,-1,-1,-1
30,61,919,5,48,48,1,-1,-1,-1
31,27,690,171,171,80,1,-1,-1,-1
31,28,1206,269,173,108,1,-1,-1,-1
31,30,941,129,161,60,1,-1,-1,-1
31,31,403,251,217,83,1,-1,-1,-1
31,32,1496,199,130,84,1,-1,-1,-1
31,33,529,210,165,80,1,-1,-1,-1
31,34,221,195,196,94,1,-1,-1,-1
31,36,318,153,184,69,1,-1,-1,-1
31,39,1405,124,156,58,1,-1,-1,-1
31,40,1680,115,143,61,1,-1,-1,-1
31,41,18,249,200,81,1,-1,-1,-1
31,61,920,6,48,49,1,-1,-1,-1
32,27,680,173,173,81,1,-1,-1,-1
32,28,1203,275,175,110,1,-1,-1,-1
32,30,931,131,161,62,1,-1,-1,-1
32,31,411,254,218,84,1,-1,-1,-1
32,32,1493,203,131,87,1,-1,-1,-1
32,33,533,214,165,80,1,-1,-1,-1
32,34,221,199,198,93,1,-1,-1,-1
32,36,301,156,186,69,1,-1,-1,-1
32,39,1398,126,158,58,1,-1,-1,-1
32,40,1676,117,143,63,1,-1,-1,-1
32,41,23,253,201,81,1,-1,-1,-1
32,61,921,7,48,49,1,-1,-1,-1
33,27,669,176,176,81,1,-1,-1,-1
33,28,1199,281,177,112,1,-1,-1,-1
33,30,922,134,161,63,1,-1,-1,-1
33,31,417,258,220,85,1,-1,-1,-1
33,32,1492,209,133,89,1,-1,-1,-1
33,33,537,217,164,81,1,-1,-1,-1
33,34,222,203,200,93,1,-1,-1,-1
33,36,284,159,188,69,1,-1,-1,-1
33,39,1390,129,160,59,1,-1,-1,-1
33,40,1672,119,143,65,1,-1,-1,-1
33,41,28,257,202,81,1,-1,-1,-1
33,61,922,9,48,48,1,-1,-1,-1
34,27,659,178,178,82,1,-1,-1,-1
34,28,1195,287,180,114,1,-1,-1,-1
34,30,908,137,164,63,1,-1,-1,-1
34,31,424,263,221,85,1,-1,-1,-1
34,32,1492,216,134,90,1,-1,-1,-1
34,33,541,221,164,81,1,-1,-1,-1
34,34,223,207,202,93,1,-1,-1,-1
34,36,267,162,190,69,1,-1,-1,-1
34,39,1382,132,163,60,1,-1,-1,-1
34,40,1668,122,143,65,1,-1,-1,-1
34,41,33,261,203,80,1,-1,-1,-1
34,61,922,10,48,48,1,-1,-1,-1
35,27,648,180,181,83,1,-1,-1,-1
35,28,1192,294,182,116,1,-1,-1,-1
35,30,895,140,166,64,1,-1,-1,-1
35,31,431,267,223,86,1,-1,-1,-1
35,32,1491,222,136,92,1,-1,-1,-1
35,33,544,226,167,81,1,-1,-1,-1
35,34,224,211,204,93,1,-1,-1,-1
35,36,250,165,192,69,1,-1,-1,-1
35,39,1374,135,165,61,1,-1,-1,-1
35,40,1664,124,143,67,1,-1,-1,-1
35,41,38,265,204,80,1,-1,-1,-1
35,61,923,11,48,48,1,-1,-1,-1
36,27,638,183,183,83,1,-1,-1,-1
36,28,1187,302,185,121,1,-1,-1,-1
36,30,882,144,169,64,1,-1,-1,-1
36,31,437,272,225,86,1,-1,-1,-1
36,32,1491,229,137,94,1,-1,-1,-1
36,33,548,231,169,81,1,-1,-1,-1
36,34,224,215,206,93,1,-1,-1,-1
36,36,233,168,194,69,1,-1,-1,-1
36,39,1366,138,168,62,1,-1,-1,-1
36,40,1660,126,143,69,1,-1,-1,-1
36,41,44,270,204,79,1,-1,-1,-1
36,61,924,12,48,49,1,-1,-1,-1
37,27,627,185,186,84,1,-1,-1,-1
37,28,1183,311,188,126,1,-1,-1,-1
37,30,869,147,171,64,1,-1,-1,-1
37,31,444,276,226,87,1,-1,-1,-1
37,32,1490,236,139,95,1,-1,-1,-1
37,33,552,236,171,81,1,-1,-1,-1
37,34,225,219,208,93,1,-1,-1,-1
37,36,212,171,198,70,1,-1,-1,-1
37,39,1358,141,170,63,1,-1,-1,-1
37,40,1656,128,143,71,1,-1,-1,-1
37,41,48,275,206,81,1,-1,-1,-1
37,61,925,13,48,49,1,-1,-1,-1
38,27,617,188,188,84,1,-1,-1,-1
38,28,1179,320,190,131,1,-1,-1,-1
38,30,857,150,173,65,1,-1,-1,-1
38,31,451,281,228,88,1,-1,-1,-1
38,32,1490,242,140,97,1,-1,-1,-1
38,33,555,241,174,81,1,-1,-1,-1
38,34,226,223,210,93,1,-1,-1,-1
38,36,192,174,201,71,1,-1,-1,-1
38,39,1350,145,173,64,1,-1,-1,-1
38,40,1653,131,143,72,1,-1,-1,-1
38,41,52,281,209,82,1,-1,-1,-1
38,61,926,14,48,49,1,-1,-1,-1
39,27,605,190,189,84,1,-1,-1,-1
39,28,1174,328,194,136,1,-1,-1,-1
39,30,845,153,174,66,1,-1,-1,-1
39,31,457,287,231,88,1,-1,-1,-1
39,32,1489,249,142,98,1,-1,-1,-1
39,33,559,246,176,81,1,-1,-1,-1
39,34,227,227,212,93,1,-1,-1,-1
39,36,171,177,205,72,1,-1,-1,-1
39,39,1341,148,173,64,1,-1,-1,-1
39,40,1646,134,145,71,1,-1,-1,-1
39,41,56,286,211,84,1,-1,-1,-1
39,61,927,15,48,49,1,-1,-1,-1
40,27,593,193,190,84,1,-1,-1,-1
40,28,1170,337,196,141,1,-1,-1,-1
40,30,833,156,176,66,1,-1,-1,-1
40,31,463,293,235,88,1,-1,-1,-1
40,32,1489,256,143,100,1,-1,-1,-1
40,33,563,251,178,81,1,-1,-1,-1
40,34,227,231,214,95,1,-1,-1,-1
40,36,151,181,209,72,1,-1,-1,-1
40,39,1332,152,173,64,1,-1,-1,-1
40,40,1639,137,148,71,1,-1,-1,-1
40,41,60,292,214,85,1,-1,-1,-1
40,61,928,17,48,49,1,-1,-1,-1
41,27,581,196,191,83,1,-1,-1,-1
41,28,1166,346,199,146,1,-1,-1,-1
41,30,821,159,177,67,1,-1,-1,-1
41,31,469,300,238,88,1,-1,-1,-1
41,32,1489,264,144,104,1,-1,-1,-1
41,33,567,256,181,81,1,-1,-1,-1
41,34,227,236,216,97,1,-1,-1,-1
41,36,126,186,211,73,1,-1,-1,-1
41,39,1324,156,173,64,1,-1,-1,-1
41,40,1632,140,151,71,1,-1,-1,-1
41,41,64,298,217,86,1,-1,-1,-1
41,61,927,17,49,51,1,-1,-1,-1
42,27,569,199,192,83,1,-1,-1,-1
42,28,1162,358,203,151,1,-1,-1,-1
42,30,809,162,179,68,1,-1,-1,-1
42,31,475,306,242,88,1,-1,-1,-1
42,32,1490,273,145,107,1,-1,-1,-1
42,33,569,260,184,83,1,-1,-1,-1
42,34,227,241,218,98,1,-1,-1,-1
42,36,102,191,213,74,1,-1,-1,-1
42,39,1315,160,173,64,1,-1,-1,-1
42,40,1626,143,153,71,1,-1,-1,-1
42,41,68,303,219,88,1,-1,-1,-1
42,61,927,17,50,53,1,-1,-1,-1
43,27,557,202,193,82,1,-1,-1,-1
43,28,1158,370,207,156,1,-1,-1,-1
43,30,797,165,181,69,1,-1,-1,-1
43,31,482,313,245,88,1,-1,-1,-1
43,32,1490,282,146,110,1,-1,-1,-1
43,33,571,264,187,86,1,-1,-1,-1
43,34,228,246,219,100,1,-1,-1,-1
43,36,78,196,215,75,1,-1,-1,-1
43,39,1307,164,173,64,1,-1,-1,-1
43,40,1619,146,155,70,1,-1,-1,-1
43,41,72,309,222,89,1,-1,-1,-1
43,61,926,17,51,55,1,-1,-1,-1
44,27,546,205,194,82,1,-1,-1,-1
44,28,1154,383,211,160,1,-1,-1,-1
44,30,784,168,181,69,1,-1,-1,-1
44,31,488,319,247,91,1,-1,-1,-1
44,32,1491,291,147,113,1,-1,-1,-1
44,33,573,268,190,88,1,-1,-1,-1
44,34,223,252,221,101,1,-1,-1,-1
44,36,53,201,217,76,1,-1,-1,-1
44,39,1298,168,173,64,1,-1,-1,-1
44,40,1612,149,158,70,1,-1,-1,-1
44,41,76,314,224,91,1,-1,-1,-1
44,61,926,17,52,58,1,-1,-1,-1
45,27,530,208,199,82,1,-1,-1,-1
45,28,1150,395,215,165,1,-1,-1,-1
45,30,772,172,181,69,1,-1,-1,-1
45,31,494,326,250,94,1,-1,-1,-1
45,32,1491,300,148,116,1,-1,-1,-1
45,33,575,272,194,91,1,-1,-1,-1
45,34,218,258,224,102,1,-1,-1,-1
45,36,29,206,219,77,1,-1,-1,-1
45,39,1290,172,173,64,1,-1,-1,-1
45,40,1605,152,161,70,1,-1,-1,-1
45,41,80,320,227,92,1,-1,-1,-1
45,61,925,17,53,60,1,-1,-1,-1
46,27,515,212,203,82,1,-1,-1,-1
46,28,1147,408,219,170,1,-1,-1,-1
46,30,760,176,181,69,1,-1,-1,-1
46,31,501,333,251,97,1,-1,-1,-1
46,32,1492,309,149,119,1,-1,-1,-1
46,33,574,279,197,91,1,-1,-1,-1
46,34,213,264,226,103,1,-1,-1,-1
46,39,1272,175,176,66,1,-1,-1,-1
46,40,1599,156,163,69,1,-1,-1,-1
46,41,84,326,230,94,1,-1,-1,-1
46,61,925,17,54,62,1,-1,-1,-1
47,27,499,216,208,82,1,-1,-1,-1
47,28,1142,422,223,177,1,-1,-1,-1
47,30,748,180,181,69,1,-1,-1,-1
47,31,507,340,254,100,1,-1,-1,-1
47,32,1486,318,149,122,1,-1,-1,-1
47,33,573,286,200,91,1,-1,-1,-1
47,34,208,270,229,105,1,-1,-1,-1
47,39,1254,179,180,67,1,-1,-1,-1
47,40,1588,160,163,71,1,-1,-1,-1
47,41,74,336,234,96,1,-1,-1,-1
47,61,925,18,55,64,1,-1,-1,-1
48,27,484,220,212,82,1,-1,-1,-1
48,28,1138,436,227,184,1,-1,-1,-1
48,30,736,184,181,69,1,-1,-1,-1
48,31,513,347,256,103,1,-1,-1,-1
48,32,1480,328,150,125,1,-1,-1,-1
48,33,573,293,203,91,1,-1,-1,-1
48,34,203,276,231,106,1,-1,-1,-1
48,39,1237,182,183,69,1,-1,-1,-1
48,40,1577,164,163,73,1,-1,-1,-1
48,41,64,347,238,97,1,-1,-1,-1
48,61,914,20,55,64,1,-1,-1,-1
49,27,452,225,217,84,1,-1,-1,-1
49,28,1134,450,231,191,1,-1,-1,-1
49,30,710,188,185,72,1,-1,-1,-1
49,31,520,354,258,106,1,-1,-1,-1
49,32,1474,338,151,128,1,-1,-1,-1
49,33,572,300,206,91,1,-1,-1,-1
49,34,198,282,234,107,1,-1,-1,-1
49,39,1219,186,186,70,1,-1,-1,-1
49,40,1566,168,163,75,1,-1,-1,-1
49,41,55,358,241,98,1,-1,-1,-1
49,61,903,22,55,64,1,-1,-1,-1
50,27,421,231,221,86,1,-1,-1,-1
50,28,1113,469,237,201,1,-1,-1,-1
50,30,684,193,190,74,1,-1,-1,-1
50,31,507,365,264,107,1,-1,-1,-1
50,32,1468,348,152,131,1,-1,-1,-1
50,33,571,307,209,91,1,-1,-1,-1
50,34,193,288,236,108,1,-1,-1,-1
50,39,1202,189,189,72,1,-1,-1,-1
50,40,1555,173,163,76,1,-1,-1,-1
50,41,45,368,245,100,1,-1,-1,-1
50,42,1715,200,186,88,1,-1,-1,-1
50,61,892,24,56,64,1,-1,-1,-1
50,62,1244,1,69,51,1,-1,-1,-1
51,27,390,236,225,88,1,-1,-1,-1
51,28,1092,489,243,210,1,-1,-1,-1
51,30,658,198,194,76,1,-1,-1,-1
51,31,494,376,271,109,1,-1,-1,-1
51,32,1463,358,152,134,1,-1,-1,-1
51,33,571,314,212,91,1,-1,-1,-1
51,34,188,295,239,109,1,-1,-1,-1
51,39,1184,193,193,73,1,-1,-1,-1
51,40,1526,174,163,77,1,-1,-1,-1
51,41,36,379,248,101,1,-1,-1,-1
51,42,1690,201,186,88,1,-1,-1,-1
51,61,881,27,56,64,1,-1,-1,-1
51,62,1237,1,70,51,1,-1,-1,-1
52,27,359,242,230,90,1,-1,-1,-1
52,28,1071,508,249,220,1,-1,-1,-1
52,30,632,203,199,78,1,-1,-1,-1
52,31,481,387,278,110,1,-1,-1,-1
52,32,1446,368,163,141,1,-1,-1,-1
52,33,573,322,214,92,1,-1,-1,-1
52,34,164,304,254,111,1,-1,-1,-1
52,39,1167,197,196,75,1,-1,-1,-1
52,40,1498,175,163,78,1,-1,-1,-1
52,41,26,390,252,102,1,-1,-1,-1
52,42,1665,202,186,89,1,-1,-1,-1
52,61,870,29,57,64,1,-1,-1,-1
52,62,1231,2,70,50,1,-1,-1,-1
53,27,327,245,232,93,1,-1,-1,-1
53,28,1051,528,254,229,1,-1,-1,-1
53,30,601,209,202,78,1,-1,-1,-1
53,31,468,398,285,112,1,-1,-1,-1
53,32,1429,378,174,148,1,-1,-1,-1
53,33,575,330,217,94,1,-1,-1,-1
53,34,141,314,269,112,1,-1,-1,-1
53,39,1154,203,196,75,1,-1,-1,-1
53,40,1470,176,163,79,1,-1,-1,-1
53,41,17,401,256,104,1,-1,-1,-1
53,42,1641,203,186,90,1,-1,-1,-1
53,61,859,31,57,64,1,-1,-1,-1
53,62,1224,2,71,51,1,-1,-1,-1
54,27,303,250,235,95,1,-1,-1,-1
54,28,1043,546,259,239,1,-1,-1,-1
54,30,582,214,205,79,1,-1,-1,-1
54,31,482,399,278,113,1,-1,-1,-1
54,32,1432,392,174,153,1,-1,-1,-1
54,33,577,338,220,95,1,-1,-1,-1
54,34,138,323,269,115,1,-1,-1,-1
54,39,1142,209,196,75,1,-1,-1,-1
54,40,1461,181,167,79,1,-1,-1,-1
54,41,17,411,259,106,1,-1,-1,-1
54,42,1634,208,185,90,1,-1,-1,-1
54,61,848,34,58,64,1,-1,-1,-1
54,62,1218,3,71,50,1,-1,-1,-1
55,27,279,255,238,97,1,-1,-1,-1
55,28,1035,565,264,249,1,-1,-1,-1
55,30,564,220,207,79,1,-1,-1,-1
55,31,486,410,284,115,1,-1,-1,-1
55,32,1436,407,174,158,1,-1,-1,-1
55,33,579,346,223,97,1,-1,-1,-1
55,34,136,333,268,117,1,-1,-1,-1
55,39,1129,215,196,75,1,-1,-1,-1
55,40,1452,186,171,79,1,-1,-1,-1
55,41,18,421,262,108,1,-1,-1,-1
55,42,1627,213,185,90,1,-1,-1,-1
55,61,847,36,58,64,1,-1,-1,-1
55,62,1212,4,71,49,1,-1,-1,-1
56,27,255,260,241,99,1,-1,-1,-1
56,28,1023,592,272,264,1,-1,-1,-1
56,30,548,226,211,79,1,-1,-1,-1
56,31,491,421,289,118,1,-1,-1,-1
56,32,1440,422,174,162,1,-1,-1,-1
56,33,581,355,226,97,1,-1,-1,-1
56,34,134,343,267,119,1,-1,-1,-1
56,39,1117,221,196,75,1,-1,-1,-1
56,40,1443,192,175,79,1,-1,-1,-1
56,41,19,432,265,110,1,-1,-1,-1
56,42,1621,218,184,91,1,-1,-1,-1
56,61,847,38,58,64,1,-1,-1,-1
56,62,1205,4,72,50,1,-1,-1,-1
57,27,232,266,243,100,1,-1,-1,-1
57,28,1011,620,281,279,1,-1,-1,-1
57,30,532,233,215,79,1,-1,-1,-1
57,31,495,433,295,119,1,-1,-1,-1
57,32,1444,437,173,167,1,-1,-1,-1
57,33,583,363,228,99,1,-1,-1,-1
57,34,129,351,273,121,1,-1,-1,-1
57,39,1105,227,196,75,1,-1,-1,-1
57,40,1434,197,179,79,1,-1,-1,-1
57,41,20,442,267,112,1,-1,-1,-1
57,42,1618,225,188,91,1,-1,-1,-1
57,61,847,41,58,64,1,-1,-1,-1
57,62,1199,5,72,49,1,-1,-1,-1
58,27,198,273,250,105,1,-1,-1,-1
58,28,1000,648,288,293,1,-1,-1,-1
58,30,517,240,218,79,1,-1,-1,-1
58,31,500,444,300,122,1,-1,-1,-1
58,32,1448,452,173,171,1,-1,-1,-1
58,33,585,371,231,100,1,-1,-1,-1
58,34,125,360,278,122,1,-1,-1,-1
58,39,1087,233,200,77,1,-1,-1,-1
58,40,1425,202,183,79,1,-1,-1,-1
58,41,21,452,270,114,1,-1,-1,-1
58,42,1616,233,192,90,1,-1,-1,-1
58,61,846,43,58,64,1,-1,-1,-1
58,62,1193,6,73,49,1,-1,-1,-1
59,27,165,281,256,109,1,-1,-1,-1
59,28,988,676,297,308,1,-1,-1,-1
59,30,493,246,221,82,1,-1,-1,-1
59,31,505,456,306,124,1,-1,-1,-1
59,32,1452,467,173,176,1,-1,-1,-1
59,33,587,379,234,102,1,-1,-1,-1
59,34,120,369,284,123,1,-1,-1,-1
59,39,1069,239,205,80,1,-1,-1,-1
59,40,1416,208,188,79,1,-1,-1,-1
59,41,22,463,273,116,1,-1,-1,-1
59,42,1614,241,196,89,1,-1,-1,-1
59,61,846,45,58,64,1,-1,-1,-1
59,62,1190,8,73,49,1,-1,-1,-1
60,27,132,289,262,113,1,-1,-1,-1
60,28,976,704,305,322,1,-1,-1,-1
60,30,470,252,224,85,1,-1,-1,-1
60,31,506,469,307,130,1,-1,-1,-1
60,32,1449,487,177,184,1,-1,-1,-1
60,33,589,387,237,103,1,-1,-1,-1
60,34,116,378,289,124,1,-1,-1,-1
60,39,1051,245,210,83,1,-1,-1,-1
60,40,1398,212,190,81,1,-1,-1,-1
60,41,19,478,276,119,1,-1,-1,-1
60,42,1598,246,199,89,1,-1,-1,-1
60,61,846,48,58,64,1,-1,-1,-1
60,62,1188,11,73,49,1,-1,-1,-1
61,27,99,297,268,117,1,-1,-1,-1
61,30,447,258,227,88,1,-1,-1,-1
61,31,508,482,308,137,1,-1,-1,-1
61,32,1447,507,180,192,1,-1,-1,-1
61,33,592,396,239,104,1,-1,-1,-1
61,34,111,387,295,125,1,-1,-1,-1
61,39,1033,252,215,85,1,-1,-1,-1
61,40,1381,217,192,83,1,-1,-1,-1
61,41,17,493,279,122,1,-1,-1,-1
61,42,1582,251,203,90,1,-1,-1,-1
61,61,835,50,61,64,1,-1,-1,-1
61,62,1186,13,73,49,1,-1,-1,-1
62,27,66,305,274,121,1,-1,-1,-1
62,30,424,265,230,90,1,-1,-1,-1
62,31,509,495,310,143,1,-1,-1,-1
62,32,1445,527,184,200,1,-1,-1,-1
62,33,594,406,243,108,1,-1,-1,-1
62,34,107,396,300,127,1,-1,-1,-1
62,39,1012,259,217,87,1,-1,-1,-1
62,40,1363,221,194,85,1,-1,-1,-1
62,41,15,508,281,125,1,-1,-1,-1
62,42,1566,257,207,90,1,-1,-1,-1
62,61,825,53,63,64,1,-1,-1,-1
62,62,1184,16,73,49,1,-1,-1,-1
63,27,33,313,280,125,1,-1,-1,-1
63,30,398,274,236,92,1,-1,-1,-1
63,31,511,508,311,150,1,-1,-1,-1
63,32,1442,547,188,208,1,-1,-1,-1
63,33,596,417,248,112,1,-1,-1,-1
63,34,98,411,303,129,1,-1,-1,-1
63,39,992,267,218,88,1,-1,-1,-1
63,40,1346,226,196,87,1,-1,-1,-1
63,41,13,523,284,128,1,-1,-1,-1
63,42,1552,262,207,94,1,-1,-1,-1
63,61,814,56,66,64,1,-1,-1,-1
63,62,1177,17,74,49,1,-1,-1,-1
64,30,372,283,242,94,1,-1,-1,-1
64,31,515,523,317,152,1,-1,-1,-1
64,32,1440,567,192,216,1,-1,-1,-1
64,33,598,428,253,116,1,-1,-1,-1
64,34,89,427,306,130,1,-1,-1,-1
64,39,972,274,220,91,1,-1,-1,-1
64,40,1328,230,198,89,1,-1,-1,-1
64,41,11,538,287,132,1,-1,-1,-1
64,42,1539,268,207,97,1,-1,-1,-1
64,61,804,59,69,64,1,-1,-1,-1
64,62,1171,18,75,49,1,-1,-1,-1
65,30,346,292,249,96,1,-1,-1,-1
65,31,519,538,324,155,1,-1,-1,-1
65,32,1438,587,195,224,1,-1,-1,-1
65,33,600,439,257,120,1,-1,-1,-1
65,34,80,443,309,131,1,-1,-1,-1
65,39,952,282,221,92,1,-1,-1,-1
65,40,1311,235,200,91,1,-1,-1,-1
65,41,8,553,290,135,1,-1,-1,-1
65,42,1526,273,206,101,1,-1,-1,-1
65,61,797,62,69,64,1,-1,-1,-1
65,62,1164,19,77,49,1,-1,-1,-1
66,30,320,301,255,98,1,-1,-1,-1
66,31,524,553,329,157,1,-1,-1,-1
66,32,1436,608,199,231,1,-1,-1,-1
66,33,602,450,262,124,1,-1,-1,-1
66,34,71,459,313,133,1,-1,-1,-1
66,39,932,289,222,94,1,-1,-1,-1
66,40,1293,241,203,93,1,-1,-1,-1
66,41,6,568,293,138,1,-1,-1,-1
66,42,1513,279,206,104,1,-1,-1,-1
66,61,790,65,70,64,1,-1,-1,-1
66,62,1158,21,78,49,1,-1,-1,-1
67,30,295,310,261,100,1,-1,-1,-1
67,31,528,569,336,159,1,-1,-1,-1
67,32,1439,635,204,246,1,-1,-1,-1
67,33,604,461,267,128,1,-1,-1,-1
67,34,65,470,322,138,1,-1,-1,-1
67,39,912,297,224,96,1,-1,-1,-1
67,40,1276,247,205,95,1,-1,-1,-1
67,41,4,583,295,141,1,-1,-1,-1
67,42,1501,286,210,103,1,-1,-1,-1
67,61,784,68,69,64,1,-1,-1,-1
67,62,1151,22,80,49,1,-1,-1,-1
68,30,261,319,267,102,1,-1,-1,-1
68,31,533,584,341,161,1,-1,-1,-1
68,32,1443,663,208,261,1,-1,-1,-1
68,33,610,473,270,131,1,-1,-1,-1
68,34,60,482,331,142,1,-1,-1,-1
68,39,887,305,228,98,1,-1,-1,-1
68,40,1259,253,208,97,1,-1,-1,-1
68,41,2,598,298,144,1,-1,-1,-1
68,42,1489,293,214,103,1,-1,-1,-1
68,61,777,71,70,64,1,-1,-1,-1
68,62,1145,23,81,49,1,-1,-1,-1
69,30,228,328,272,105,1,-1,-1,-1
69,31,537,599,348,164,1,-1,-1,-1
69,32,1446,690,213,276,1,-1,-1,-1
69,33,616,486,274,133,1,-1,-1,-1
69,34,54,494,340,146,1,-1,-1,-1
69,39,863,314,231,99,1,-1,-1,-1
69,40,1241,259,211,99,1,-1,-1,-1
69,42,1478,300,217,103,1,-1,-1,-1
69,61,770,74,70,64,1,-1,-1,-1
69,62,1139,25,82,49,1,-1,-1,-1
70,30,194,337,278,108,1,-1,-1,-1
70,31,542,615,354,166,1,-1,-1,-1
70,32,1450,718,217,291,1,-1,-1,-1
70,33,623,498,277,137,1,-1,-1,-1
70,34,49,506,349,151,1,-1,-1,-1
70,39,839,323,235,100,1,-1,-1,-1
70,40,1224,265,213,101,1,-1,-1,-1
70,42,1466,307,221,103,1,-1,-1,-1
70,61,764,78,70,63,1,-1,-1,-1
70,62,1133,27,82,49,1,-1,-1,-1
71,30,161,346,283,110,1,-1,-1,-1
71,31,553,632,361,170,1,-1,-1,-1
71,32,1454,746,222,306,1,-1,-1,-1
71,33,629,511,281,139,1,-1,-1,-1
71,34,47,520,355,153,1,-1,-1,-1
71,39,814,332,239,101,1,-1,-1,-1
71,40,1207,271,216,103,1,-1,-1,-1
71,42,1455,314,225,103,1,-1,-1,-1
71,61,756,79,72,66,1,-1,-1,-1
71,62,1128,30,82,49,1,-1,-1,-1
72,30,127,355,289,113,1,-1,-1,-1
72,31,565,649,368,174,1,-1,-1,-1
72,32,1458,780,228,276,1,-1,-1,-1
72,33,636,524,284,142,1,-1,-1,-1
72,34,45,534,362,156,1,-1,-1,-1
72,39,790,341,242,102,1,-1,-1,-1
72,40,1190,278,219,105,1,-1,-1,-1
72,42,1441,322,229,107,1,-1,-1,-1
72,61,748,81,75,69,1,-1,-1,-1
72,62,1123,32,82,49,1,-1,-1,-1
73,30,94,365,294,115,1,-1,-1,-1
73,31,577,667,375,177,1,-1,-1,-1
73,32,1463,814,233,247,1,-1,-1,-1
73,33,650,536,286,146,1,-1,-1,-1
73,34,43,548,368,158,1,-1,-1,-1
73,39,766,350,246,104,1,-1,-1,-1
73,40,1173,285,222,107,1,-1,-1,-1
73,42,1428,330,232,111,1,-1,-1,-1
73,61,740,82,77,72,1,-1,-1,-1
73,62,1118,35,82,49,1,-1,-1,-1
74,30,78,375,282,117,1,-1,-1,-1
74,31,589,684,382,181,1,-1,-1,-1
74,33,664,549,289,149,1,-1,-1,-1
74,34,41,562,375,161,1,-1,-1,-1
74,39,741,360,252,107,1,-1,-1,-1
74,40,1156,293,225,108,1,-1,-1,-1
74,42,1415,338,236,116,1,-1,-1,-1
74,61,733,84,79,75,1,-1,-1,-1
74,62,1118,36,82,50,1,-1,-1,-1
75,30,62,385,271,119,1,-1,-1,-1
75,31,601,702,389,184,1,-1,-1,-1
75,33,678,562,292,152,1,-1,-1,-1
75,34,39,576,382,164,1,-1,-1,-1
75,39,716,371,259,110,1,-1,-1,-1
75,40,1139,300,228,111,1,-1,-1,-1
75,41,3,735,333,170,1,-1,-1,-1
75,42,1408,347,237,116,1,-1,-1,-1
75,61,732,87,79,75,1,-1,-1,-1
75,62,1118,37,82,51,1,-1,-1,-1
76,30,47,395,259,121,1,-1,-1,-1
76,31,613,719,396,188,1,-1,-1,-1
76,33,692,574,294,156,1,-1,-1,-1
76,34,47,591,387,170,1,-1,-1,-1
76,39,691,381,266,113,1,-1,-1,-1
76,40,1122,308,231,112,1,-1,-1,-1
76,41,5,755,344,173,1,-1,-1,-1
76,42,1401,357,238,116,1,-1,-1,-1
76,61,731,91,79,75,1,-1,-1,-1
76,62,1119,39,81,51,1,-1,-1,-1
77,30,31,405,247,123,1,-1,-1,-1
77,31,625,737,403,191,1,-1,-1,-1
77,33,706,587,297,159,1,-1,-1,-1
77,34,56,607,392,176,1,-1,-1,-1
77,39,666,392,273,116,1,-1,-1,-1
77,40,1105,315,234,114,1,-1,-1,-1
77,41,8,775,355,176,1,-1,-1,-1
77,42,1394,367,239,115,1,-1,-1,-1
77,61,730,94,79,76,1,-1,-1,-1
77,62,1119,40,82,52,1,-1,-1,-1
78,30,15,415,236,125,1,-1,-1,-1
78,31,646,758,411,192,1,-1,-1,-1
78,33,720,600,300,163,1,-1,-1,-1
78,34,64,623,397,181,1,-1,-1,-1
78,39,642,403,279,119,1,-1,-1,-1
78,40,1089,323,237,116,1,-1,-1,-1
78,41,10,795,367,180,1,-1,-1,-1
78,42,1387,377,240,115,1,-1,-1,-1
78,61,729,98,79,76,1,-1,-1,-1
78,62,1120,42,81,52,1,-1,-1,-1
79,31,668,779,419,194,1,-1,-1,-1
79,33,735,612,305,168,1,-1,-1,-1
79,34,73,639,402,187,1,-1,-1,-1
79,39,609,414,287,124,1,-1,-1,-1
79,40,1073,331,240,120,1,-1,-1,-1
79,41,13,815,378,183,1,-1,-1,-1
79,42,1380,387,242,115,1,-1,-1,-1
79,61,729,102,78,76,1,-1,-1,-1
79,62,1120,43,81,53,1,-1,-1,-1
80,31,690,801,427,194,1,-1,-1,-1
80,33,750,625,310,172,1,-1,-1,-1
80,34,82,655,406,193,1,-1,-1,-1
80,39,577,425,295,130,1,-1,-1,-1
80,40,1058,339,243,124,1,-1,-1,-1
80,41,15,835,390,187,1,-1,-1,-1
80,42,1367,396,249,119,1,-1,-1,-1
80,61,726,104,81,76,1,-1,-1,-1
80,62,1121,45,81,54,1,-1,-1,-1
81,31,712,822,435,196,1,-1,-1,-1
81,33,766,638,314,176,1,-1,-1,-1
81,34,90,671,412,198,1,-1,-1,-1
81,39,544,437,304,135,1,-1,-1,-1
81,40,1042,348,246,127,1,-1,-1,-1
81,41,18,855,401,190,1,-1,-1,-1
81,42,1355,406,256,123,1,-1,-1,-1
81,61,724,107,83,76,1,-1,-1,-1
81,62,1123,49,82,54,1,-1,-1,-1
82,31,734,844,443,197,1,-1,-1,-1
82,33,781,651,319,180,1,-1,-1,-1
82,34,99,687,416,204,1,-1,-1,-1
82,39,512,448,311,141,1,-1,-1,-1
82,40,1027,356,249,131,1,-1,-1,-1
82,42,1343,416,262,126,1,-1,-1,-1
82,61,722,110,85,75,1,-1,-1,-1
82,62,1126,53,82,54,1,-1,-1,-1
83,31,757,866,427,200,1,-1,-1,-1
83,33,796,664,324,184,1,-1,-1,-1
83,34,108,703,421,210,1,-1,-1,-1
83,39,479,459,320,147,1,-1,-1,-1
83,40,1012,365,252,134,1,-1,-1,-1
83,42,1331,426,269,130,1,-1,-1,-1
83,61,720,113,87,75,1,-1,-1,-1
83,62,1129,58,83,54,1,-1,-1,-1
84,31,765,871,461,185,1,-1,-1,-1
84,33,812,677,328,188,1,-1,-1,-1
84,34,109,713,426,215,1,-1,-1,-1
84,40,982,374,255,137,1,-1,-1,-1
84,42,1312,439,271,132,1,-1,-1,-1
84,61,698,114,88,80,1,-1,-1,-1
84,62,1128,59,83,54,1,-1,-1,-1
85,31,760,892,461,173,1,-1,-1,-1
85,33,798,685,330,192,1,-1,-1,-1
85,34,89,736,431,220,1,-1,-1,-1
85,40,926,381,258,141,1,-1,-1,-1
85,42,1263,441,272,135,1,-1,-1,-1
85,61,676,116,90,85,1,-1,-1,-1
85,62,1087,59,86,54,1,-1,-1,-1
86,31,763,905,453,161,1,-1,-1,-1
86,33,785,694,332,195,1,-1,-1,-1
86,34,69,759,436,225,1,-1,-1,-1
86,40,871,389,261,144,1,-1,-1,-1
86,42,1214,443,273,139,1,-1,-1,-1
86,43,1682,397,216,114,1,-1,-1,-1
86,61,629,122,93,81,1,-1,-1,-1
86,62,1047,60,88,54,1,-1,-1,-1
87,31,766,919,446,149,1,-1,-1,-1
87,33,772,702,333,199,1,-1,-1,-1
87,34,49,782,441,230,1,-1,-1,-1
87,40,816,397,264,147,1,-1,-1,-1
87,42,1162,447,275,142,1,-1,-1,-1
87,43,1631,395,217,114,1,-1,-1,-1
87,61,583,129,95,77,1,-1,-1,-1
87,62,1007,62,89,54,1,-1,-1,-1
88,31,772,924,446,143,1,-1,-1,-1
88,33,759,711,335,202,1,-1,-1,-1
88,34,29,805,446,235,1,-1,-1,-1
88,40,760,404,267,151,1,-1,-1,-1
88,42,1111,452,277,145,1,-1,-1,-1
88,43,1581,394,217,113,1,-1,-1,-1
88,61,537,136,97,73,1,-1,-1,-1
88,62,967,64,91,55,1,-1,-1,-1
89,31,779,930,445,137,1,-1,-1,-1
89,33,746,719,336,206,1,-1,-1,-1
89,34,10,828,451,240,1,-1,-1,-1
89,40,705,412,270,154,1,-1,-1,-1
89,42,1059,456,279,148,1,-1,-1,-1
89,43,1530,392,218,113,1,-1,-1,-1
89,61,489,137,99,81,1,-1,-1,-1
89,62,930,64,91,55,1,-1,-1,-1
90,31,785,935,445,131,1,-1,-1,-1
90,33,733,728,338,209,1,-1,-1,-1
90,34,9,840,454,227,1,-1,-1,-1
90,40,650,420,273,158,1,-1,-1,-1
90,42,1008,461,281,151,1,-1,-1,-1
90,43,1480,391,218,112,1,-1,-1,-1
90,61,441,139,101,89,1,-1,-1,-1
90,62,893,65,91,55,1,-1,-1,-1
91,31,792,941,444,125,1,-1,-1,-1
91,33,720,737,340,212,1,-1,-1,-1
91,34,8,853,458,214,1,-1,-1,-1
91,40,596,431,276,163,1,-1,-1,-1
91,42,966,468,284,154,1,-1,-1,-1
91,43,1430,390,218,112,1,-1,-1,-1
91,61,411,150,97,73,1,-1,-1,-1
91,62,856,65,91,55,1,-1,-1,-1
92,31,799,947,443,119,1,-1,-1,-1
92,33,719,741,340,212,1,-1,-1,-1
92,34,8,865,460,201,1,-1,-1,-1
92,40,542,442,279,168,1,-1,-1,-1
92,42,925,476,287,156,1,-1,-1,-1
92,43,1394,393,218,112,1,-1,-1,-1
92,61,378,153,100,74,1,-1,-1,-1
92,62,819,66,91,55,1,-1,-1,-1
93,31,799,941,450,124,1,-1,-1,-1
93,33,718,746,340,212,1,-1,-1,-1
93,34,7,878,464,188,1,-1,-1,-1
93,40,488,453,283,173,1,-1,-1,-1
93,42,884,484,289,158,1,-1,-1,-1
93,43,1358,396,218,112,1,-1,-1,-1
93,45,1713,219,185,84,1,-1,-1,-1
93,61,346,156,102,75,1,-1,-1,-1
93,62,782,67,91,55,1,-1,-1,-1
94,31,799,936,457,129,1,-1,-1,-1
94,33,717,750,340,212,1,-1,-1,-1
94,34,7,891,467,175,1,-1,-1,-1
94,40,434,464,286,178,1,-1,-1,-1
94,42,843,492,292,160,1,-1,-1,-1
94,43,1322,400,218,112,1,-1,-1,-1
94,45,1677,216,185,84,1,-1,-1,-1
94,61,313,159,105,77,1,-1,-1,-1
94,62,755,67,91,55,1,-1,-1,-1
95,31,799,930,464,134,1,-1,-1,-1
95,33,717,755,340,212,1,-1,-1,-1
95,34,4,898,474,169,1,-1,-1,-1
95,40,380,475,290,183,1,-1,-1,-1
95,42,802,500,294,162,1,-1,-1,-1
95,43,1286,403,218,112,1,-1,-1,-1
95,44,1725,273,176,110,1,-1,-1,-1
95,45,1642,213,184,85,1,-1,-1,-1
95,61,281,162,107,78,1,-1,-1,-1
95,62,729,68,91,55,1,-1,-1,-1
96,31,799,925,471,139,1,-1,-1,-1
96,33,711,752,340,212,1,-1,-1,-1
96,34,2,905,480,163,1,-1,-1,-1
96,40,326,487,293,188,1,-1,-1,-1
96,42,761,508,297,164,1,-1,-1,-1
96,43,1251,407,218,112,1,-1,-1,-1
96,44,1683,271,176,111,1,-1,-1,-1
96,45,1606,210,184,85,1,-1,-1,-1
96,61,249,166,109,79,1,-1,-1,-1
96,62,702,69,91,55,1,-1,-1,-1
97,31,799,919,478,144,1,-1,-1,-1
97,33,705,749,340,212,1,-1,-1,-1
97,34,0,912,487,157,1,-1,-1,-1
97,40,272,498,296,193,1,-1,-1,-1
97,42,715,513,302,169,1,-1,-1,-1
97,43,1209,409,220,113,1,-1,-1,-1
97,44,1642,269,175,112,1,-1,-1,-1
97,45,1571,208,184,85,1,-1,-1,-1
97,61,213,168,114,84,1,-1,-1,-1
97,62,676,70,91,55,1,-1,-1,-1
98,31,799,914,485,149,1,-1,-1,-1
98,33,699,746,340,212,1,-1,-1,-1
98,34,1,912,489,156,1,-1,-1,-1
98,40,218,509,300,198,1,-1,-1,-1
98,42,669,518,307,174,1,-1,-1,-1
98,43,1168,411,222,114,1,-1,-1,-1
98,44,1601,268,174,112,1,-1,-1,-1
98,45,1533,205,185,85,1,-1,-1,-1
98,61,177,171,119,88,1,-1,-1,-1
98,62,650,71,91,55,1,-1,-1,-1
99,31,799,909,493,154,1,-1,-1,-1
99,33,693,743,340,212,1,-1,-1,-1
99,34,2,913,492,155,1,-1,-1,-1
99,40,164,520,303,203,1,-1,-1,-1
99,42,623,524,313,179,1,-1,-1,-1
99,43,1126,413,224,115,1,-1,-1,-1
99,44,1559,266,174,113,1,-1,-1,-1
99,45,1496,203,185,85,1,-1,-1,-1
99,61,142,174,124,93,1,-1,-1,-1
99,62,620,71,92,55,1,-1,-1,-1
100,31,824,899,475,165,1,-1,-1,-1
100,33,687,740,340,212,1,-1,-1,-1
100,34,3,913,495,154,1,-1,-1,-1
100,40,110,531,307,208,1,-1,-1,-1
100,42,577,529,318,184,1,-1,-1,-1
100,43,1085,415,226,116,1,-1,-1,-1
100,44,1518,265,173,113,1,-1,-1,-1
100,45,1459,201,185,85,1,-1,-1,-1
100,61,106,176,124,94,1,-1,-1,-1
100,62,590,71,93,55,1,-1,-1,-1
101,31,850,889,456,176,1,-1,-1,-1
101,33,681,737,340,212,1,-1,-1,-1
101,34,4,914,497,153,1,-1,-1,-1
101,40,56,542,310,213,1,-1,-1,-1
101,42,531,534,323,189,1,-1,-1,-1
101,43,1044,417,228,118,1,-1,-1,-1
101,44,1477,263,172,114,1,-1,-1,-1
101,45,1427,198,182,85,1,-1,-1,-1
101,61,70,178,124,95,1,-1,-1,-1
101,62,560,72,94,55,1,-1,-1,-1
102,31,875,879,438,187,1,-1,-1,-1
102,33,675,734,340,212,1,-1,-1,-1
102,34,5,914,500,152,1,-1,-1,-1
102,42,486,540,328,194,1,-1,-1,-1
102,43,1019,419,226,121,1,-1,-1,-1
102,44,1436,262,172,115,1,-1,-1,-1
102,45,1395,195,179,85,1,-1,-1,-1
102,46,1758,210,142,76,1,-1,-1,-1
102,48,1762,147,124,72,1,-1,-1,-1
102,61,34,181,124,95,1,-1,-1,-1
102,62,530,72,95,55,1,-1,-1,-1
103,31,901,869,419,198,1,-1,-1,-1
103,33,669,732,340,212,1,-1,-1,-1
103,34,6,915,503,151,1,-1,-1,-1
103,42,461,545,331,197,1,-1,-1,-1
103,43,995,421,224,124,1,-1,-1,-1
103,44,1421,265,172,115,1,-1,-1,-1
103,45,1364,192,176,85,1,-1,-1,-1
103,46,1749,210,142,77,1,-1,-1,-1
103,48,1757,147,123,72,1,-1,-1,-1
103,61,15,189,124,93,1,-1,-1,-1
103,62,500,73,97,55,1,-1,-1,-1
104,31,927,859,400,209,1,-1,-1,-1
104,33,686,724,335,212,1,-1,-1,-1
104,34,28,909,499,157,1,-1,-1,-1
104,42,436,551,334,199,1,-1,-1,-1
104,43,971,423,222,128,1,-1,-1,-1
104,44,1407,268,172,115,1,-1,-1,-1
104,45,1356,192,176,85,1,-1,-1,-1
104,46,1740,211,142,78,1,-1,-1,-1
104,48,1752,147,122,72,1,-1,-1,-1
104,61,13,189,124,93,1,-1,-1,-1
104,62,498,73,97,56,1,-1,-1,-1
105,31,952,846,393,221,1,-1,-1,-1
105,33,703,717,331,212,1,-1,-1,-1
105,34,50,903,496,163,1,-1,-1,-1
105,42,411,557,337,201,1,-1,-1,-1
105,43,955,429,222,128,1,-1,-1,-1
105,44,1393,272,172,115,1,-1,-1,-1
105,45,1349,192,176,85,1,-1,-1,-1
105,46,1731,212,142,79,1,-1,-1,-1
105,48,1748,147,121,72,1,-1,-1,-1
105,61,12,189,124,93,1,-1,-1,-1
105,62,497,74,97,56,1,-1,-1,-1
106,31,977,834,386,232,1,-1,-1,-1
106,33,720,710,327,211,1,-1,-1,-1
106,34,72,898,493,168,1,-1,-1,-1
106,42,386,563,340,203,1,-1,-1,-1
106,43,940,435,222,128,1,-1,-1,-1
106,44,1379,275,172,115,1,-1,-1,-1
106,45,1342,192,176,85,1,-1,-1,-1
106,46,1722,213,142,80,1,-1,-1,-1
106,48,1743,147,120,72,1,-1,-1,-1
106,61,11,189,123,93,1,-1,-1,-1
106,62,496,74,97,57,1,-1,-1,-1
106,68,1341,123,117,65,1,-1,-1,-1
106,69,1318,95,116,49,1,-1,-1,-1
107,31,1002,822,379,243,1,-1,-1,-1
107,33,737,703,322,211,1,-1,-1,-1
107,34,94,892,490,175,1,-1,-1,-1
107,42,362,569,342,206,1,-1,-1,-1
107,43,925,442,222,128,1,-1,-1,-1
107,44,1365,278,172,115,1,-1,-1,-1
107,45,1335,192,176,85,1,-1,-1,-1
107,46,1713,214,142,81,1,-1,-1,-1
107,48,1738,147,119,72,1,-1,-1,-1
107,61,10,189,123,93,1,-1,-1,-1
107,62,495,75,97,57,1,-1,-1,-1
107,68,1342,123,117,65,1,-1,-1,-1
107,69,1319,95,116,49,1,-1,-1,-1
108,31,1025,814,378,244,1,-1,-1,-1
108,33,754,696,318,210,1,-1,-1,-1
108,34,116,886,486,181,1,-1,-1,-1
108,42,334,577,347,211,1,-1,-1,-1
108,43,910,448,222,128,1,-1,-1,-1
108,44,1351,282,172,115,1,-1,-1,-1
108,45,1328,192,176,85,1,-1,-1,-1
108,46,1704,215,142,82,1,-1,-1,-1
108,48,1734,147,118,73,1,-1,-1,-1
108,61,8,189,123,93,1,-1,-1,-1
108,62,494,76,97,57,1,-1,-1,-1
108,68,1343,124,117,65,1,-1,-1,-1
108,69,1320,95,116,50,1,-1,-1,-1
109,31,1048,807,377,244,1,-1,-1,-1
109,33,771,689,314,210,1,-1,-1,-1
109,34,138,881,483,186,1,-1,-1,-1
109,42,306,585,352,216,1,-1,-1,-1
109,43,895,454,222,128,1,-1,-1,-1
109,44,1338,285,173,117,1,-1,-1,-1
109,45,1323,191,176,85,1,-1,-1,-1
109,46,1695,217,146,84,1,-1,-1,-1
109,48,1733,148,118,73,1,-1,-1,-1
109,61,7,189,123,93,1,-1,-1,-1
109,62,493,76,97,58,1,-1,-1,-1
109,68,1344,125,118,65,1,-1,-1,-1
109,69,1321,96,116,50,1,-1,-1,-1
110,31,1071,799,376,245,1,-1,-1,-1
110,33,789,682,309,210,1,-1,-1,-1
110,34,160,875,480,192,1,-1,-1,-1
110,42,278,593,357,221,1,-1,-1,-1
110,43,880,460,222,128,1,-1,-1,-1
110,44,1326,289,174,118,1,-1,-1,-1
110,45,1318,190,176,85,1,-1,-1,-1
110,46,1687,219,149,87,1,-1,-1,-1
110,48,1732,150,118,73,1,-1,-1,-1
110,61,6,189,123,93,1,-1,-1,-1
110,62,492,77,97,58,1,-1,-1,-1
110,68,1346,126,117,65,1,-1,-1,-1
110,69,1322,96,116,51,1,-1,-1,-1
111,31,1094,792,375,245,1,-1,-1,-1
111,33,804,679,307,208,1,-1,-1,-1
111,34,182,869,477,199,1,-1,-1,-1
111,42,250,601,362,226,1,-1,-1,-1
111,43,865,467,222,128,1,-1,-1,-1
111,44,1314,292,175,120,1,-1,-1,-1
111,45,1313,190,176,85,1,-1,-1,-1
111,46,1679,221,153,89,1,-1,-1,-1
111,48,1731,152,118,73,1,-1,-1,-1
111,61,5,189,122,93,1,-1,-1,-1
111,62,491,77,97,59,1,-1,-1,-1
111,68,1347,127,117,65,1,-1,-1,-1
111,69,1323,96,116,52,1,-1,-1,-1
112,31,1118,785,373,246,1,-1,-1,-1
112,33,819,676,306,207,1,-1,-1,-1
112,34,204,864,473,204,1,-1,-1,-1
112,42,223,610,366,230,1,-1,-1,-1
112,43,847,467,229,136,1,-1,-1,-1
112,44,1302,296,176,122,1,-1,-1,-1
112,45,1306,191,176,86,1,-1,-1,-1
112,46,1671,223,156,92,1,-1,-1,-1
112,48,1730,154,118,72,1,-1,-1,-1
112,61,3,189,123,93,1,-1,-1,-1
112,62,489,78,97,59,1,-1,-1,-1
112,68,1348,128,118,65,1,-1,-1,-1
112,69,1325,97,115,52,1,-1,-1,-1
113,31,1143,777,369,246,1,-1,-1,-1
113,33,834,673,304,205,1,-1,-1,-1
113,34,226,858,470,210,1,-1,-1,-1
113,42,191,622,368,237,1,-1,-1,-1
113,43,830,467,236,144,1,-1,-1,-1
113,44,1290,299,177,124,1,-1,-1,-1
113,45,1300,193,176,87,1,-1,-1,-1
113,46,1663,226,160,94,1,-1,-1,-1
113,48,1729,156,118,72,1,-1,-1,-1
113,61,2,189,122,93,1,-1,-1,-1
113,62,488,79,97,59,1,-1,-1,-1
113,68,1350,129,117,65,1,-1,-1,-1
113,69,1326,97,115,53,1,-1,-1,-1
114,31,1168,769,365,246,1,-1,-1,-1
114,33,849,670,303,204,1,-1,-1,-1
114,34,248,852,467,216,1,-1,-1,-1
114,42,159,634,370,244,1,-1,-1,-1
114,43,813,467,243,152,1,-1,-1,-1
114,44,1278,303,178,125,1,-1,-1,-1
114,45,1294,195,176,87,1,-1,-1,-1
114,46,1658,230,160,94,1,-1,-1,-1
114,48,1728,157,118,73,1,-1,-1,-1
114,61,1,189,122,93,1,-1,-1,-1
114,62,487,79,97,60,1,-1,-1,-1
114,68,1351,129,118,66,1,-1,-1,-1
114,69,1327,98,115,53,1,-1,-1,-1
115,31,1194,762,360,245,1,-1,-1,-1
115,33,864,667,301,202,1,-1,-1,-1
115,34,271,847,463,222,1,-1,-1,-1
115,42,128,646,371,251,1,-1,-1,-1
115,43,793,475,248,153,1,-1,-1,-1
115,44,1266,307,179,127,1,-1,-1,-1
115,45,1288,196,175,89,1,-1,-1,-1
115,46,1653,234,160,94,1,-1,-1,-1
115,48,1727,159,118,72,1,-1,-1,-1
115,61,0,189,122,93,1,-1,-1,-1
115,62,486,80,97,60,1,-1,-1,-1
115,68,1352,130,118,66,1,-1,-1,-1
115,69,1328,98,115,54,1,-1,-1,-1
116,31,1219,758,356,244,1,-1,-1,-1
116,33,879,665,300,200,1,-1,-1,-1
116,34,287,850,463,218,1,-1,-1,-1
116,42,96,659,374,258,1,-1,-1,-1
116,43,774,483,253,154,1,-1,-1,-1
116,44,1252,311,182,131,1,-1,-1,-1
116,45,1282,198,175,89,1,-1,-1,-1
116,46,1648,238,160,94,1,-1,-1,-1
116,48,1726,161,118,72,1,-1,-1,-1
116,61,0,188,116,93,1,-1,-1,-1
116,62,485,81,97,60,1,-1,-1,-1
116,68,1353,131,118,66,1,-1,-1,-1
116,69,1329,98,115,55,1,-1,-1,-1
117,31,1244,754,352,244,1,-1,-1,-1
117,33,894,667,300,200,1,-1,-1,-1
117,34,303,853,463,215,1,-1,-1,-1
117,42,65,671,375,265,1,-1,-1,-1
117,43,754,491,258,155,1,-1,-1,-1
117,44,1238,316,185,134,1,-1,-1,-1
117,45,1276,200,175,90,1,-1,-1,-1
117,46,1643,242,160,94,1,-1,-1,-1
117,48,1725,163,118,72,1,-1,-1,-1
117,61,0,188,110,92,1,-1,-1,-1
117,62,484,81,97,61,1,-1,-1,-1
117,68,1355,132,118,66,1,-1,-1,-1
117,69,1331,99,114,54,1,-1,-1,-1
118,31,1270,751,348,243,1,-1,-1,-1
118,33,909,669,300,200,1,-1,-1,-1
118,34,319,856,463,211,1,-1,-1,-1
118,42,33,683,377,272,1,-1,-1,-1
118,43,735,500,263,155,1,-1,-1,-1
118,44,1224,321,188,138,1,-1,-1,-1
118,45,1276,204,171,89,1,-1,-1,-1
118,46,1638,246,160,94,1,-1,-1,-1
118,48,1725,165,118,72,1,-1,-1,-1
118,61,0,188,104,91,1,-1,-1,-1
118,62,483,82,97,61,1,-1,-1,-1
118,68,1356,133,118,66,1,-1,-1,-1
118,69,1332,99,114,55,1,-1,-1,-1
119,31,1297,749,344,243,1,-1,-1,-1
119,33,924,672,300,200,1,-1,-1,-1
119,34,336,859,463,208,1,-1,-1,-1
119,43,714,510,269,161,1,-1,-1,-1
119,44,1210,326,191,141,1,-1,-1,-1
119,45,1277,209,167,87,1,-1,-1,-1
119,46,1631,253,163,93,1,-1,-1,-1
119,48,1726,167,118,72,1,-1,-1,-1
119,61,0,189,101,91,1,-1,-1,-1
119,62,482,82,97,62,1,-1,-1,-1
119,68,1357,134,118,66,1,-1,-1,-1
119,69,1333,99,114,56,1,-1,-1,-1
120,31,1324,747,341,243,1,-1,-1,-1
120,33,940,674,300,200,1,-1,-1,-1
120,34,352,862,463,204,1,-1,-1,-1
120,43,694,521,275,166,1,-1,-1,-1
120,44,1196,331,194,145,1,-1,-1,-1
120,45,1270,214,171,88,1,-1,-1,-1
120,46,1624,260,166,92,1,-1,-1,-1
120,48,1727,170,118,72,1,-1,-1,-1
120,61,0,190,98,91,1,-1,-1,-1
120,62,481,83,97,62,1,-1,-1,-1
120,68,1359,135,118,66,1,-1,-1,-1
120,69,1334,100,114,56,1,-1,-1,-1
121,31,1351,745,337,243,1,-1,-1,-1
121,33,955,677,300,200,1,-1,-1,-1
121,34,368,865,463,201,1,-1,-1,-1
121,43,674,532,281,171,1,-1,-1,-1
121,44,1184,341,196,145,1,-1,-1,-1
121,45,1263,219,175,90,1,-1,-1,-1
121,46,1618,267,169,91,1,-1,-1,-1
121,48,1729,173,118,72,1,-1,-1,-1
121,61,0,191,95,91,1,-1,-1,-1
121,62,479,84,97,62,1,-1,-1,-1
121,68,1360,135,118,67,1,-1,-1,-1
121,69,1335,100,114,57,1,-1,-1,-1
122,31,1378,744,334,243,1,-1,-1,-1
122,33,970,679,300,200,1,-1,-1,-1
122,34,385,869,463,197,1,-1,-1,-1
122,43,654,543,287,176,1,-1,-1,-1
122,44,1173,351,197,145,1,-1,-1,-1
122,45,1280,221,151,89,1,-1,-1,-1
122,46,1615,272,170,94,1,-1,-1,-1
122,48,1730,176,118,72,1,-1,-1,-1
122,61,0,192,92,91,1,-1,-1,-1
122,62,478,84,97,63,1,-1,-1,-1
122,68,1361,136,119,67,1,-1,-1,-1
122,69,1337,101,113,57,1,-1,-1,-1
123,31,1405,745,331,240,1,-1,-1,-1
123,33,985,682,300,200,1,-1,-1,-1
123,34,401,876,463,190,1,-1,-1,-1
123,43,631,555,292,181,1,-1,-1,-1
123,44,1161,361,199,145,1,-1,-1,-1
123,45,1278,224,147,91,1,-1,-1,-1
123,46,1612,278,171,96,1,-1,-1,-1
123,48,1731,179,118,72,1,-1,-1,-1
123,62,477,85,97,63,1,-1,-1,-1
123,68,1362,137,119,67,1,-1,-1,-1
123,69,1338,101,113,58,1,-1,-1,-1
124,31,1433,747,327,237,1,-1,-1,-1
124,33,1001,684,300,200,1,-1,-1,-1
124,34,417,884,463,182,1,-1,-1,-1
124,43,608,568,298,186,1,-1,-1,-1
124,44,1150,371,200,145,1,-1,-1,-1
124,45,1257,244,161,73,1,-1,-1,-1
124,46,1609,283,172,99,1,-1,-1,-1
124,48,1733,182,118,72,1,-1,-1,-1
124,62,476,85,97,64,1,-1,-1,-1
124,68,1364,138,118,67,1,-1,-1,-1
124,69,1339,101,113,59,1,-1,-1,-1
125,31,1460,748,324,234,1,-1,-1,-1
125,33,1016,687,300,200,1,-1,-1,-1
125,34,434,892,462,174,1,-1,-1,-1
125,43,585,581,303,191,1,-1,-1,-1
125,44,1134,379,205,148,1,-1,-1,-1
125,45,1237,265,175,55,1,-1,-1,-1
125,46,1606,289,173,102,1,-1,-1,-1
125,48,1734,185,118,72,1,-1,-1,-1
125,62,475,86,97,64,1,-1,-1,-1
125,68,1365,139,119,67,1,-1,-1,-1
125,69,1340,102,113,59,1,-1,-1,-1
126,31,1488,750,321,231,1,-1,-1,-1
126,33,1031,689,300,200,1,-1,-1,-1
126,34,450,899,462,167,1,-1,-1,-1
126,43,562,594,309,196,1,-1,-1,-1
126,44,1119,388,210,151,1,-1,-1,-1
126,45,1229,268,179,55,1,-1,-1,-1
126,46,1603,295,174,104,1,-1,-1,-1
126,48,1735,188,118,72,1,-1,-1,-1
126,62,474,87,97,64,1,-1,-1,-1
126,68,1366,140,119,67,1,-1,-1,-1
126,69,1341,102,113,60,1,-1,-1,-1
127,31,1518,751,309,232,1,-1,-1,-1
127,33,1047,692,300,200,1,-1,-1,-1
127,34,466,907,462,159,1,-1,-1,-1
127,43,533,610,318,204,1,-1,-1,-1
127,44,1103,397,216,154,1,-1,-1,-1
127,45,1221,272,183,55,1,-1,-1,-1
127,46,1600,300,175,107,1,-1,-1,-1
127,48,1737,191,118,72,1,-1,-1,-1
127,62,473,87,97,65,1,-1,-1,-1
127,68,1368,141,119,67,1,-1,-1,-1
127,69,1343,103,112,60,1,-1,-1,-1
128,31,1548,752,297,233,1,-1,-1,-1
128,33,1065,696,300,203,1,-1,-1,-1
128,34,483,915,461,151,1,-1,-1,-1
128,43,505,627,327,212,1,-1,-1,-1
128,44,1088,406,221,157,1,-1,-1,-1
128,45,1213,276,187,55,1,-1,-1,-1
128,46,1597,306,176,109,1,-1,-1,-1
128,48,1737,194,120,73,1,-1,-1,-1
128,62,472,88,97,65,1,-1,-1,-1
128,68,1371,143,119,67,1,-1,-1,-1
128,69,1346,105,112,61,1,-1,-1,-1
129,31,1579,754,285,234,1,-1,-1,-1
129,33,1083,700,300,206,1,-1,-1,-1
129,34,499,922,461,144,1,-1,-1,-1
129,43,476,644,336,219,1,-1,-1,-1
129,44,1072,415,227,163,1,-1,-1,-1
129,45,1205,276,191,59,1,-1,-1,-1
129,46,1595,312,176,112,1,-1,-1,-1
129,48,1737,197,122,74,1,-1,-1,-1
129,62,470,89,97,65,1,-1,-1,-1
129,68,1375,145,119,67,1,-1,-1,-1
129,69,1349,108,112,61,1,-1,-1,-1
130,31,1609,755,273,235,1,-1,-1,-1
130,33,1101,704,300,209,1,-1,-1,-1
130,34,515,930,461,136,1,-1,-1,-1
130,43,448,661,345,227,1,-1,-1,-1
130,44,1057,424,232,170,1,-1,-1,-1
130,45,1197,276,195,63,1,-1,-1,-1
130,46,1591,317,179,117,1,-1,-1,-1
130,48,1738,200,123,75,1,-1,-1,-1
130,62,469,89,97,66,1,-1,-1,-1
130,68,1379,147,119,67,1,-1,-1,-1
130,69,1353,111,112,61,1,-1,-1,-1
131,33,1119,709,300,212,1,-1,-1,-1
131,43,414,680,356,234,1,-1,-1,-1
131,44,1041,434,238,175,1,-1,-1,-1
131,45,1191,280,196,62,1,-1,-1,-1
131,46,1588,323,182,122,1,-1,-1,-1
131,48,1738,204,125,75,1,-1,-1,-1
131,62,468,90,97,66,1,-1,-1,-1
131,68,1383,149,119,67,1,-1,-1,-1
131,69,1356,114,112,61,1,-1,-1,-1
132,33,1137,713,300,215,1,-1,-1,-1
132,43,380,699,367,241,1,-1,-1,-1
132,44,1026,443,243,182,1,-1,-1,-1
132,45,1185,284,197,61,1,-1,-1,-1
132,46,1585,329,185,126,1,-1,-1,-1
132,48,1739,207,126,76,1,-1,-1,-1
132,62,467,90,97,67,1,-1,-1,-1
132,68,1386,151,119,67,1,-1,-1,-1
132,69,1359,117,112,61,1,-1,-1,-1
133,33,1155,717,300,218,1,-1,-1,-1
133,43,346,718,379,248,1,-1,-1,-1
133,44,1011,453,248,188,1,-1,-1,-1
133,45,1178,285,197,63,1,-1,-1,-1
133,46,1581,335,188,131,1,-1,-1,-1
133,48,1739,210,128,77,1,-1,-1,-1
133,62,466,91,97,67,1,-1,-1,-1
133,68,1390,153,119,67,1,-1,-1,-1
133,69,1363,120,112,61,1,-1,-1,-1
134,33,1174,722,300,221,1,-1,-1,-1
134,43,300,743,392,239,1,-1,-1,-1
134,44,990,463,255,196,1,-1,-1,-1
134,45,1172,287,197,65,1,-1,-1,-1
134,46,1578,341,191,135,1,-1,-1,-1
134,48,1740,213,129,78,1,-1,-1,-1
134,62,465,92,97,67,1,-1,-1,-1
134,68,1394,155,119,67,1,-1,-1,-1
134,69,1366,123,112,61,1,-1,-1,-1
135,33,1193,727,300,222,1,-1,-1,-1
135,43,255,769,405,230,1,-1,-1,-1
135,44,969,474,262,204,1,-1,-1,-1
135,45,1165,289,197,67,1,-1,-1,-1
135,46,1575,347,194,140,1,-1,-1,-1
135,48,1740,217,131,78,1,-1,-1,-1
135,62,464,92,97,68,1,-1,-1,-1
135,68,1398,157,119,67,1,-1,-1,-1
135,69,1370,126,112,61,1,-1,-1,-1
136,33,1212,732,300,223,1,-1,-1,-1
136,43,209,794,418,221,1,-1,-1,-1
136,44,948,484,269,213,1,-1,-1,-1
136,45,1158,291,197,69,1,-1,-1,-1
136,46,1573,358,194,140,1,-1,-1,-1
136,48,1741,220,132,79,1,-1,-1,-1
136,62,463,93,97,68,1,-1,-1,-1
136,68,1398,159,119,67,1,-1,-1,-1
136,69,1369,127,112,61,1,-1,-1,-1
137,33,1231,737,300,225,1,-1,-1,-1
137,43,164,820,431,212,1,-1,-1,-1
137,44,927,495,276,221,1,-1,-1,-1
137,45,1152,293,197,71,1,-1,-1,-1
137,46,1571,369,194,140,1,-1,-1,-1
137,48,1741,223,134,80,1,-1,-1,-1
137,62,462,94,97,69,1,-1,-1,-1
137,68,1398,161,120,67,1,-1,-1,-1
137,69,1369,129,112,61,1,-1,-1,-1
138,33,1250,742,300,226,1,-1,-1,-1
138,43,118,845,444,203,1,-1,-1,-1
138,44,902,510,281,227,1,-1,-1,-1
138,45,1145,287,199,81,1,-1,-1,-1
138,46,1570,381,194,140,1,-1,-1,-1
138,48,1742,227,136,81,1,-1,-1,-1
138,62,456,96,97,69,1,-1,-1,-1
138,68,1398,163,121,67,1,-1,-1,-1
138,69,1369,130,112,61,1,-1,-1,-1
139,33,1269,747,300,228,1,-1,-1,-1
139,44,878,525,286,233,1,-1,-1,-1
139,45,1139,282,200,91,1,-1,-1,-1
139,46,1563,391,197,141,1,-1,-1,-1
139,48,1739,230,138,82,1,-1,-1,-1
139,62,451,98,97,69,1,-1,-1,-1
139,68,1398,165,122,67,1,-1,-1,-1
139,69,1368,132,112,61,1,-1,-1,-1
140,33,1288,752,300,229,1,-1,-1,-1
140,44,853,540,291,239,1,-1,-1,-1
140,45,1127,297,203,79,1,-1,-1,-1
140,46,1557,401,199,142,1,-1,-1,-1
140,48,1737,233,140,84,1,-1,-1,-1
140,62,446,100,97,69,1,-1,-1,-1
140,68,1399,168,121,66,1,-1,-1,-1
140,69,1368,133,112,61,1,-1,-1,-1
141,33,1307,758,300,230,1,-1,-1,-1
141,44,829,555,296,245,1,-1,-1,-1
141,45,1115,299,207,82,1,-1,-1,-1
141,46,1550,411,202,144,1,-1,-1,-1
141,48,1735,236,141,85,1,-1,-1,-1
141,62,441,102,97,69,1,-1,-1,-1
141,68,1399,170,122,66,1,-1,-1,-1
141,69,1368,135,112,61,1,-1,-1,-1
142,33,1328,762,301,233,1,-1,-1,-1
142,44,805,571,301,251,1,-1,-1,-1
142,45,1104,301,210,85,1,-1,-1,-1
142,46,1544,421,204,145,1,-1,-1,-1
142,48,1733,239,143,87,1,-1,-1,-1
142,62,436,104,97,69,1,-1,-1,-1
142,68,1399,172,123,66,1,-1,-1,-1
142,69,1367,136,112,61,1,-1,-1,-1
143,33,1350,767,302,235,1,-1,-1,-1
143,44,779,588,311,259,1,-1,-1,-1
143,45,1092,304,214,87,1,-1,-1,-1
143,46,1538,432,206,146,1,-1,-1,-1
143,48,1731,242,144,88,1,-1,-1,-1
143,62,431,106,97,69,1,-1,-1,-1
143,68,1399,174,124,66,1,-1,-1,-1
143,69,1367,138,112,61,1,-1,-1,-1
144,33,1371,772,303,237,1,-1,-1,-1
144,44,754,605,321,268,1,-1,-1,-1
144,45,1081,306,217,90,1,-1,-1,-1
144,46,1534,442,210,150,1,-1,-1,-1
144,48,1729,245,146,90,1,-1,-1,-1
144,62,428,108,97,69,1,-1,-1,-1
144,68,1400,177,124,66,1,-1,-1,-1
144,69,1367,140,112,61,1,-1,-1,-1
145,33,1393,777,304,239,1,-1,-1,-1
145,44,728,622,332,276,1,-1,-1,-1
145,45,1069,309,222,92,1,-1,-1,-1
145,46,1531,453,213,153,1,-1,-1,-1
145,48,1727,248,147,91,1,-1,-1,-1
145,62,425,110,97,69,1,-1,-1,-1
145,68,1398,179,124,66,1,-1,-1,-1
145,69,1362,142,115,60,1,-1,-1,-1
146,33,1414,782,305,241,1,-1,-1,-1
146,44,703,639,342,285,1,-1,-1,-1
146,45,1058,311,225,95,1,-1,-1,-1
146,46,1528,464,217,156,1,-1,-1,-1
146,48,1725,251,149,93,1,-1,-1,-1
146,62,422,112,97,70,1,-1,-1,-1
146,68,1396,181,124,66,1,-1,-1,-1
146,69,1357,144,118,60,1,-1,-1,-1
147,33,1436,787,306,243,1,-1,-1,-1
147,44,667,669,351,291,1,-1,-1,-1
147,45,1046,314,229,97,1,-1,-1,-1
147,46,1525,475,220,159,1,-1,-1,-1
147,48,1713,253,148,95,1,-1,-1,-1
147,62,419,114,97,70,1,-1,-1,-1
147,68,1394,183,124,66,1,-1,-1,-1
147,69,1353,146,121,60,1,-1,-1,-1
148,33,1458,792,307,245,1,-1,-1,-1
148,44,632,699,359,297,1,-1,-1,-1
148,45,1035,316,232,100,1,-1,-1,-1
148,46,1522,486,224,163,1,-1,-1,-1
148,48,1701,256,148,97,1,-1,-1,-1
148,62,416,117,97,70,1,-1,-1,-1
148,68,1392,185,124,66,1,-1,-1,-1
148,69,1348,148,124,60,1,-1,-1,-1
149,33,1469,792,307,245,1,-1,-1,-1
149,44,597,729,367,303,1,-1,-1,-1
149,45,1024,319,236,103,1,-1,-1,-1
149,46,1507,494,226,168,1,-1,-1,-1
149,48,1689,259,147,99,1,-1,-1,-1
149,62,398,119,98,70,1,-1,-1,-1
149,68,1390,187,124,66,1,-1,-1,-1
149,69,1344,150,127,60,1,-1,-1,-1
150,33,1480,793,307,245,1,-1,-1,-1
150,44,562,760,376,309,1,-1,-1,-1
150,45,998,323,236,103,1,-1,-1,-1
150,46,1492,502,229,173,1,-1,-1,-1
150,48,1677,262,147,101,1,-1,-1,-1
150,62,380,122,99,70,1,-1,-1,-1
150,68,1388,189,124,66,1,-1,-1,-1
150,69,1339,152,130,60,1,-1,-1,-1
151,33,1491,794,307,245,1,-1,-1,-1
151,44,519,785,386,284,1,-1,-1,-1
151,45,972,327,236,103,1,-1,-1,-1
151,46,1477,510,232,178,1,-1,-1,-1
151,48,1665,265,147,103,1,-1,-1,-1
151,62,362,124,100,70,1,-1,-1,-1
151,68,1386,191,124,66,1,-1,-1,-1
151,69,1335,154,133,60,1,-1,-1,-1
152,33,1502,794,307,245,1,-1,-1,-1
152,44,476,810,396,259,1,-1,-1,-1
152,45,946,331,236,103,1,-1,-1,-1
152,46,1462,518,234,183,1,-1,-1,-1
152,47,1743,386,157,112,1,-1,-1,-1
152,48,1653,268,146,105,1,-1,-1,-1
152,62,344,127,101,70,1,-1,-1,-1
152,68,1373,190,124,70,1,-1,-1,-1
152,69,1324,154,133,62,1,-1,-1,-1
153,33,1513,795,307,245,1,-1,-1,-1
153,44,434,835,405,234,1,-1,-1,-1
153,45,921,335,236,103,1,-1,-1,-1
153,46,1447,526,237,188,1,-1,-1,-1
153,47,1737,393,161,115,1,-1,-1,-1
153,48,1641,271,146,107,1,-1,-1,-1
153,62,326,129,102,70,1,-1,-1,-1
153,68,1360,190,124,74,1,-1,-1,-1
153,69,1313,155,133,63,1,-1,-1,-1
154,33,1525,796,307,245,1,-1,-1,-1
154,44,391,860,415,209,1,-1,-1,-1
154,45,908,339,236,104,1,-1,-1,-1
154,46,1433,534,239,194,1,-1,-1,-1
154,47,1732,401,164,118,1,-1,-1,-1
154,48,1629,274,146,109,1,-1,-1,-1
154,62,309,132,103,70,1,-1,-1,-1
154,68,1347,189,124,78,1,-1,-1,-1
154,69,1302,155,133,65,1,-1,-1,-1
155,33,1547,798,298,245,1,-1,-1,-1
155,44,349,885,425,184,1,-1,-1,-1
155,45,896,343,235,105,1,-1,-1,-1
155,46,1431,546,242,200,1,-1,-1,-1
155,47,1727,408,167,121,1,-1,-1,-1
155,48,1626,279,148,109,1,-1,-1,-1
155,62,304,134,103,70,1,-1,-1,-1
155,68,1334,189,124,82,1,-1,-1,-1
155,69,1291,156,133,66,1,-1,-1,-1
156,33,1570,801,289,245,1,-1,-1,-1
156,44,353,915,411,153,1,-1,-1,-1
156,45,884,348,234,106,1,-1,-1,-1
156,46,1430,559,245,205,1,-1,-1,-1
156,47,1722,416,170,124,1,-1,-1,-1
156,48,1623,284,150,109,1,-1,-1,-1
156,62,299,136,103,70,1,-1,-1,-1
156,68,1335,191,124,82,1,-1,-1,-1
156,69,1292,158,133,66,1,-1,-1,-1
157,33,1592,804,281,245,1,-1,-1,-1
157,44,357,945,397,122,1,-1,-1,-1
157,45,873,352,238,106,1,-1,-1,-1
157,46,1429,571,248,211,1,-1,-1,-1
157,47,1717,423,174,127,1,-1,-1,-1
157,48,1620,289,152,110,1,-1,-1,-1
157,62,294,138,103,70,1,-1,-1,-1
157,68,1337,194,124,82,1,-1,-1,-1
157,69,1293,161,133,66,1,-1,-1,-1
158,33,1615,807,272,245,1,-1,-1,-1
158,45,862,356,242,106,1,-1,-1,-1
158,46,1427,584,252,216,1,-1,-1,-1
158,47,1712,431,177,130,1,-1,-1,-1
158,48,1617,294,154,110,1,-1,-1,-1
158,62,289,141,103,70,1,-1,-1,-1
158,68,1339,197,124,82,1,-1,-1,-1
158,69,1294,163,133,66,1,-1,-1,-1
159,33,1638,810,263,245,1,-1,-1,-1
159,45,851,361,246,105,1,-1,-1,-1
159,46,1426,596,255,222,1,-1,-1,-1
159,47,1707,438,180,133,1,-1,-1,-1
159,48,1614,299,156,111,1,-1,-1,-1
159,62,286,143,105,70,1,-1,-1,-1
159,68,1340,199,124,82,1,-1,-1,-1
159,69,1295,166,134,66,1,-1,-1,-1
160,33,1662,808,239,249,1,-1,-1,-1
160,45,840,365,250,105,1,-1,-1,-1
160,46,1425,609,258,228,1,-1,-1,-1
160,47,1702,446,183,136,1,-1,-1,-1
160,48,1611,304,158,111,1,-1,-1,-1
160,62,283,146,107,70,1,-1,-1,-1
160,68,1342,202,124,82,1,-1,-1,-1
160,69,1297,168,133,66,1,-1,-1,-1
161,33,1686,807,215,252,1,-1,-1,-1
161,45,830,370,254,104,1,-1,-1,-1
161,46,1419,619,261,232,1,-1,-1,-1
161,47,1697,454,187,139,1,-1,-1,-1
161,48,1608,309,160,111,1,-1,-1,-1
161,62,280,149,109,70,1,-1,-1,-1
161,68,1344,205,124,82,1,-1,-1,-1
161,69,1298,171,133,66,1,-1,-1,-1
162,45,816,370,254,106,1,-1,-1,-1
162,46,1414,629,263,237,1,-1,-1,-1
162,47,1685,460,188,142,1,-1,-1,-1
162,48,1605,314,162,112,1,-1,-1,-1
162,62,277,152,112,70,1,-1,-1,-1
162,68,1345,207,124,82,1,-1,-1,-1
162,69,1299,173,134,66,1,-1,-1,-1
163,45,802,371,254,108,1,-1,-1,-1
163,46,1409,639,265,242,1,-1,-1,-1
163,47,1673,467,189,145,1,-1,-1,-1
163,48,1602,319,164,112,1,-1,-1,-1
163,62,262,153,111,71,1,-1,-1,-1
163,68,1347,210,124,82,1,-1,-1,-1
163,69,1300,176,134,66,1,-1,-1,-1
164,45,788,371,255,111,1,-1,-1,-1
164,46,1403,649,268,246,1,-1,-1,-1
164,47,1661,474,191,147,1,-1,-1,-1
164,48,1600,324,166,113,1,-1,-1,-1
164,62,247,155,111,72,1,-1,-1,-1
164,68,1349,213,124,82,1,-1,-1,-1
164,69,1301,178,134,66,1,-1,-1,-1
165,45,774,372,255,113,1,-1,-1,-1
165,46,1398,659,270,251,1,-1,-1,-1
165,47,1649,481,192,150,1,-1,-1,-1
165,48,1579,325,167,113,1,-1,-1,-1
165,62,232,156,111,73,1,-1,-1,-1
165,68,1351,216,124,82,1,-1,-1,-1
165,69,1303,181,134,66,1,-1,-1,-1
166,45,761,373,255,115,1,-1,-1,-1
166,46,1393,670,272,255,1,-1,-1,-1
166,47,1637,488,194,152,1,-1,-1,-1
166,48,1559,326,168,113,1,-1,-1,-1
166,62,217,158,110,74,1,-1,-1,-1
166,68,1334,214,130,84,1,-1,-1,-1
166,69,1288,179,134,66,1,-1,-1,-1
167,45,737,376,255,115,1,-1,-1,-1
167,46,1373,676,273,259,1,-1,-1,-1
167,47,1625,495,195,155,1,-1,-1,-1
167,48,1539,328,169,112,1,-1,-1,-1
167,51,1759,276,142,107,1,-1,-1,-1
167,62,202,159,110,76,1,-1,-1,-1
167,68,1317,212,136,86,1,-1,-1,-1
167,69,1274,178,134,66,1,-1,-1,-1
168,45,714,379,255,115,1,-1,-1,-1
168,46,1353,682,275,264,1,-1,-1,-1
168,47,1613,502,197,158,1,-1,-1,-1
168,48,1519,329,170,113,1,-1,-1,-1
168,51,1741,276,143,107,1,-1,-1,-1
168,62,187,161,110,76,1,-1,-1,-1
168,68,1300,210,142,88,1,-1,-1,-1
168,69,1260,176,134,66,1,-1,-1,-1
169,45,690,382,255,115,1,-1,-1,-1
169,46,1333,688,277,269,1,-1,-1,-1
169,47,1592,505,198,161,1,-1,-1,-1
169,48,1498,330,172,113,1,-1,-1,-1
169,51,1724,277,143,107,1,-1,-1,-1
169,62,172,162,109,78,1,-1,-1,-1
169,68,1284,208,148,91,1,-1,-1,-1
169,69,1246,175,134,66,1,-1,-1,-1
170,45,667,386,255,115,1,-1,-1,-1
170,46,1313,694,279,274,1,-1,-1,-1
170,47,1572,509,198,163,1,-1,-1,-1
170,48,1478,332,173,112,1,-1,-1,-1
170,51,1707,278,143,107,1,-1,-1,-1
170,62,157,164,109,78,1,-1,-1,-1
170,68,1269,207,148,91,1,-1,-1,-1
170,69,1232,173,134,67,1,-1,-1,-1
171,45,647,385,258,115,1,-1,-1,-1
171,46,1293,700,281,279,1,-1,-1,-1
171,47,1551,513,199,165,1,-1,-1,-1
171,48,1458,333,174,112,1,-1,-1,-1
171,51,1690,279,143,107,1,-1,-1,-1
171,62,142,165,109,80,1,-1,-1,-1
171,68,1254,206,148,91,1,-1,-1,-1
171,69,1218,172,134,67,1,-1,-1,-1
172,45,628,385,261,114,1,-1,-1,-1
172,46,1288,709,281,282,1,-1,-1,-1
172,47,1531,517,200,167,1,-1,-1,-1
172,48,1438,335,175,112,1,-1,-1,-1
172,51,1673,280,143,107,1,-1,-1,-1
172,62,127,167,109,81,1,-1,-1,-1
172,68,1239,205,148,91,1,-1,-1,-1
172,69,1204,171,134,67,1,-1,-1,-1
173,45,609,385,263,113,1,-1,-1,-1
173,46,1283,718,281,285,1,-1,-1,-1
173,47,1525,521,201,169,1,-1,-1,-1
173,48,1431,337,175,113,1,-1,-1,-1
173,51,1656,281,143,107,1,-1,-1,-1
173,62,124,166,112,81,1,-1,-1,-1
173,68,1239,205,148,91,1,-1,-1,-1
173,69,1204,171,134,67,1,-1,-1,-1
174,45,590,385,266,113,1,-1,-1,-1
174,46,1278,727,282,289,1,-1,-1,-1
174,47,1519,525,202,171,1,-1,-1,-1
174,48,1424,340,175,114,1,-1,-1,-1
174,51,1649,283,146,109,1,-1,-1,-1
174,62,122,166,114,81,1,-1,-1,-1
174,68,1239,205,148,91,1,-1,-1,-1
174,69,1204,171,134,67,1,-1,-1,-1
175,45,582,385,266,113,1,-1,-1,-1
175,46,1274,736,281,292,1,-1,-1,-1
175,47,1514,529,203,173,1,-1,-1,-1
175,48,1417,342,175,115,1,-1,-1,-1
175,51,1642,285,149,111,1,-1,-1,-1
175,62,120,166,116,81,1,-1,-1,-1
175,68,1239,205,148,91,1,-1,-1,-1
175,69,1204,171,134,67,1,-1,-1,-1
176,45,574,385,266,113,1,-1,-1,-1
176,46,1269,745,282,296,1,-1,-1,-1
176,47,1509,533,203,175,1,-1,-1,-1
176,48,1410,345,175,116,1,-1,-1,-1
176,51,1635,287,152,113,1,-1,-1,-1
176,62,118,166,118,80,1,-1,-1,-1
176,68,1239,205,148,91,1,-1,-1,-1
176,69,1204,171,134,67,1,-1,-1,-1
177,45,566,385,266,114,1,-1,-1,-1
177,46,1264,754,282,299,1,-1,-1,-1
177,47,1505,537,202,178,1,-1,-1,-1
177,48,1403,347,175,117,1,-1,-1,-1
177,51,1631,290,152,113,1,-1,-1,-1
177,62,116,166,120,80,1,-1,-1,-1
177,68,1239,205,148,91,1,-1,-1,-1
177,69,1204,171,134,67,1,-1,-1,-1
178,45,558,385,266,114,1,-1,-1,-1
178,46,1260,763,282,303,1,-1,-1,-1
178,47,1501,542,202,180,1,-1,-1,-1
178,48,1396,350,175,118,1,-1,-1,-1
178,51,1628,293,152,113,1,-1,-1,-1
178,62,114,166,122,80,1,-1,-1,-1
178,68,1239,205,148,91,1,-1,-1,-1
178,69,1204,171,134,67,1,-1,-1,-1
179,45,550,385,266,115,1,-1,-1,-1
179,46,1255,770,282,297,1,-1,-1,-1
179,47,1497,546,201,182,1,-1,-1,-1
179,48,1389,352,175,119,1,-1,-1,-1
179,51,1625,297,151,112,1,-1,-1,-1
179,62,112,166,124,79,1,-1,-1,-1
179,68,1239,205,148,91,1,-1,-1,-1
179,69,1204,171,134,67,1,-1,-1,-1
180,45,542,385,266,115,1,-1,-1,-1
180,46,1250,777,282,291,1,-1,-1,-1
180,47,1493,550,200,185,1,-1,-1,-1
180,48,1382,355,175,120,1,-1,-1,-1
180,51,1622,300,151,112,1,-1,-1,-1
180,62,110,166,126,79,1,-1,-1,-1
180,68,1239,205,148,91,1,-1,-1,-1
180,69,1204,171,134,67,1,-1,-1,-1
181,45,535,386,266,115,1,-1,-1,-1
181,46,1245,784,282,285,1,-1,-1,-1
181,47,1489,555,200,187,1,-1,-1,-1
181,48,1375,358,176,121,1,-1,-1,-1
181,51,1619,304,151,112,1,-1,-1,-1
181,62,108,166,128,79,1,-1,-1,-1
181,68,1239,205,148,91,1,-1,-1,-1
181,69,1204,171,134,67,1,-1,-1,-1
