1,0,359,343,23,31,1,-1,-1,-1
1,1,408,297,20,28,1,-1,-1,-1
1,2,482,285,17,23,1,-1,-1,-1
1,3,510,307,17,25,1,-1,-1,-1
1,5,526,248,18,22,1,-1,-1,-1
1,6,523,153,16,15,1,-1,-1,-1
2,0,362,346,23,31,1,-1,-1,-1
2,1,410,302,19,28,1,-1,-1,-1
2,2,484,282,17,23,1,-1,-1,-1
2,3,512,305,17,26,1,-1,-1,-1
2,5,528,247,18,22,1,-1,-1,-1
2,6,526,152,16,16,1,-1,-1,-1
3,0,363,347,23,31,1,-1,-1,-1
3,1,410,306,19,28,1,-1,-1,-1
3,2,487,279,17,23,1,-1,-1,-1
3,3,515,303,17,26,1,-1,-1,-1
3,5,530,245,18,22,1,-1,-1,-1
3,6,529,151,15,16,1,-1,-1,-1
4,0,364,350,23,32,1,-1,-1,-1
4,1,411,310,20,29,1,-1,-1,-1
4,2,489,277,17,23,1,-1,-1,-1
4,3,517,301,17,26,1,-1,-1,-1
4,5,533,244,18,22,1,-1,-1,-1
4,6,531,150,15,16,1,-1,-1,-1
5,0,364,352,23,32,1,-1,-1,-1
5,1,411,314,20,29,1,-1,-1,-1
5,2,492,274,17,23,1,-1,-1,-1
5,3,519,299,17,26,1,-1,-1,-1
5,5,535,242,17,21,1,-1,-1,-1
5,6,534,149,15,16,1,-1,-1,-1
6,0,365,354,23,32,1,-1,-1,-1
6,1,411,318,20,29,1,-1,-1,-1
6,2,494,271,17,24,1,-1,-1,-1
6,3,521,297,18,26,1,-1,-1,-1
6,5,538,240,17,21,1,-1,-1,-1
6,6,537,147,15,16,1,-1,-1,-1
7,0,366,355,23,32,1,-1,-1,-1
7,1,410,323,21,29,1,-1,-1,-1
7,2,497,268,17,24,1,-1,-1,-1
7,3,523,294,18,26,1,-1,-1,-1
7,5,540,239,17,21,1,-1,-1,-1
7,6,540,146,15,16,1,-1,-1,-1
7,7,437,511,32,28,1,-1,-1,-1
7,9,599,95,13,15,1,-1,-1,-1
8,0,365,358,23,32,1,-1,-1,-1
8,1,410,327,21,30,1,-1,-1,-1
8,2,498,266,17,23,1,-1,-1,-1
8,3,525,293,18,26,1,-1,-1,-1
8,5,541,237,17,21,1,-1,-1,-1
8,6,541,145,15,16,1,-1,-1,-1
8,7,440,506,32,33,1,-1,-1,-1
8,9,600,95,12,15,1,-1,-1,-1
9,0,366,360,24,32,1,-1,-1,-1
9,1,409,331,22,30,1,-1,-1,-1
9,2,500,264,16,23,1,-1,-1,-1
9,3,527,291,17,26,1,-1,-1,-1
9,5,543,236,17,20,1,-1,-1,-1
9,6,542,145,14,16,1,-1,-1,-1
9,7,442,502,32,37,1,-1,-1,-1
9,9,602,95,12,15,1,-1,-1,-1
10,0,366,363,24,33,1,-1,-1,-1
10,1,408,336,22,30,1,-1,-1,-1
10,2,502,262,16,23,1,-1,-1,-1
10,3,528,289,17,26,1,-1,-1,-1
10,5,544,234,17,20,1,-1,-1,-1
10,6,544,144,14,15,1,-1,-1,-1
10,7,444,497,31,42,1,-1,-1,-1
10,9,603,96,12,15,1,-1,-1,-1
11,0,364,365,24,33,1,-1,-1,-1
11,1,407,340,22,30,1,-1,-1,-1
11,2,503,259,16,23,1,-1,-1,-1
11,3,530,287,17,26,1,-1,-1,-1
11,5,545,233,17,20,1,-1,-1,-1
11,6,545,143,14,15,1,-1,-1,-1
11,7,446,492,31,47,1,-1,-1,-1
11,9,604,96,11,14,1,-1,-1,-1
12,0,365,367,24,33,1,-1,-1,-1
12,1,404,346,23,31,1,-1,-1,-1
12,2,505,257,15,22,1,-1,-1,-1
12,3,531,285,16,26,1,-1,-1,-1
12,5,547,231,17,20,1,-1,-1,-1
12,6,546,142,14,15,1,-1,-1,-1
12,7,448,487,31,52,1,-1,-1,-1
12,9,605,96,11,14,1,-1,-1,-1
13,0,364,370,24,33,1,-1,-1,-1
13,1,403,350,23,31,1,-1,-1,-1
13,2,506,255,15,22,1,-1,-1,-1
13,3,533,283,16,26,1,-1,-1,-1
13,5,548,230,16,19,1,-1,-1,-1
13,6,547,142,13,15,1,-1,-1,-1
13,7,449,482,31,54,1,-1,-1,-1
13,9,607,96,11,14,1,-1,-1,-1
14,0,363,372,24,33,1,-1,-1,-1
14,1,402,356,23,31,1,-1,-1,-1
14,2,508,253,15,22,1,-1,-1,-1
14,3,534,281,16,25,1,-1,-1,-1
14,5,549,229,17,19,1,-1,-1,-1
14,6,548,140,13,15,1,-1,-1,-1
14,7,450,478,30,53,1,-1,-1,-1
14,9,607,96,11,14,1,-1,-1,-1
15,0,362,375,24,34,1,-1,-1,-1
15,1,400,361,24,32,1,-1,-1,-1
15,2,509,251,15,22,1,-1,-1,-1
15,3,534,280,16,25,1,-1,-1,-1
15,5,550,227,17,19,1,-1,-1,-1
15,6,549,139,13,15,1,-1,-1,-1
15,7,452,473,30,53,1,-1,-1,-1
15,9,608,96,11,13,1,-1,-1,-1
16,0,361,377,24,34,1,-1,-1,-1
16,1,398,366,24,33,1,-1,-1,-1
16,2,510,248,15,21,1,-1,-1,-1
16,3,535,278,16,25,1,-1,-1,-1
16,5,551,226,17,19,1,-1,-1,-1
16,6,550,138,13,15,1,-1,-1,-1
16,7,454,469,29,52,1,-1,-1,-1
16,9,609,96,11,13,1,-1,-1,-1
17,0,361,379,24,34,1,-1,-1,-1
17,1,396,371,24,34,1,-1,-1,-1
17,2,511,246,15,21,1,-1,-1,-1
17,3,536,276,16,25,1,-1,-1,-1
17,5,551,225,17,19,1,-1,-1,-1
17,6,551,137,13,15,1,-1,-1,-1
17,7,456,464,28,52,1,-1,-1,-1
17,9,609,96,10,13,1,-1,-1,-1
18,0,360,382,24,34,1,-1,-1,-1
18,1,395,375,25,34,1,-1,-1,-1
18,2,512,244,15,21,1,-1,-1,-1
18,3,537,275,16,24,1,-1,-1,-1
18,5,552,223,17,19,1,-1,-1,-1
18,6,552,136,14,15,1,-1,-1,-1
18,7,458,460,28,52,1,-1,-1,-1
18,9,610,97,10,13,1,-1,-1,-1
19,0,359,384,24,35,1,-1,-1,-1
19,1,393,380,25,35,1,-1,-1,-1
19,2,513,242,15,21,1,-1,-1,-1
19,3,538,273,16,24,1,-1,-1,-1
19,5,553,222,17,19,1,-1,-1,-1
19,6,552,135,14,15,1,-1,-1,-1
19,7,460,455,28,51,1,-1,-1,-1
19,9,611,97,10,12,1,-1,-1,-1
20,0,359,387,24,35,1,-1,-1,-1
20,1,391,385,26,36,1,-1,-1,-1
20,2,514,240,15,20,1,-1,-1,-1
20,3,539,271,16,24,1,-1,-1,-1
20,5,554,220,17,19,1,-1,-1,-1
20,6,553,134,13,15,1,-1,-1,-1
20,7,462,451,28,50,1,-1,-1,-1
20,9,611,97,10,12,1,-1,-1,-1
21,0,358,389,24,35,1,-1,-1,-1
21,1,389,391,26,36,1,-1,-1,-1
21,2,515,238,14,20,1,-1,-1,-1
21,3,540,269,15,24,1,-1,-1,-1
21,5,555,219,16,19,1,-1,-1,-1
21,6,554,133,13,14,1,-1,-1,-1
21,7,463,447,27,50,1,-1,-1,-1
21,9,611,97,10,12,1,-1,-1,-1
22,0,357,391,24,35,1,-1,-1,-1
22,1,387,397,26,36,1,-1,-1,-1
22,2,516,236,14,20,1,-1,-1,-1
22,3,541,268,15,24,1,-1,-1,-1
22,5,556,217,16,19,1,-1,-1,-1
22,6,555,132,13,14,1,-1,-1,-1
22,7,465,443,27,49,1,-1,-1,-1
22,9,611,97,10,12,1,-1,-1,-1
23,0,356,394,24,36,1,-1,-1,-1
23,1,385,403,25,36,1,-1,-1,-1
23,2,517,234,14,19,1,-1,-1,-1
23,3,542,266,15,24,1,-1,-1,-1
23,5,556,215,16,19,1,-1,-1,-1
23,6,556,131,12,14,1,-1,-1,-1
23,7,467,439,27,48,1,-1,-1,-1
23,8,541,0,10,11,1,-1,-1,-1
23,9,612,97,11,12,1,-1,-1,-1
24,0,356,396,24,36,1,-1,-1,-1
24,1,383,409,25,36,1,-1,-1,-1
24,2,517,232,14,19,1,-1,-1,-1
24,3,543,264,14,23,1,-1,-1,-1
24,5,557,214,15,19,1,-1,-1,-1
24,6,557,131,12,14,1,-1,-1,-1
24,7,468,435,27,47,1,-1,-1,-1
24,8,541,1,10,11,1,-1,-1,-1
24,9,612,97,11,12,1,-1,-1,-1
25,0,355,398,24,36,1,-1,-1,-1
25,1,381,415,25,36,1,-1,-1,-1
25,2,518,230,14,19,1,-1,-1,-1
25,3,544,262,14,23,1,-1,-1,-1
25,5,558,212,15,19,1,-1,-1,-1
25,6,558,130,12,13,1,-1,-1,-1
25,7,469,431,27,47,1,-1,-1,-1
25,8,541,1,10,11,1,-1,-1,-1
25,9,612,97,11,12,1,-1,-1,-1
26,0,354,401,24,36,1,-1,-1,-1
26,1,379,421,25,36,1,-1,-1,-1
26,2,519,228,14,19,1,-1,-1,-1
26,3,545,261,14,23,1,-1,-1,-1
26,5,559,211,15,19,1,-1,-1,-1
26,6,558,129,12,13,1,-1,-1,-1
26,7,471,427,26,47,1,-1,-1,-1
26,8,541,2,10,11,1,-1,-1,-1
26,9,612,97,11,12,1,-1,-1,-1
27,0,352,404,25,37,1,-1,-1,-1
27,1,377,427,26,37,1,-1,-1,-1
27,2,520,227,14,18,1,-1,-1,-1
27,3,545,259,14,23,1,-1,-1,-1
27,5,559,209,15,19,1,-1,-1,-1
27,6,558,128,12,13,1,-1,-1,-1
27,7,472,423,26,46,1,-1,-1,-1
27,8,541,3,10,11,1,-1,-1,-1
27,9,613,97,11,13,1,-1,-1,-1
28,0,351,407,25,37,1,-1,-1,-1
28,1,374,433,26,39,1,-1,-1,-1
28,2,521,225,14,18,1,-1,-1,-1
28,3,546,258,14,23,1,-1,-1,-1
28,5,560,208,15,19,1,-1,-1,-1
28,6,559,127,12,13,1,-1,-1,-1
28,7,473,419,26,46,1,-1,-1,-1
28,8,541,3,11,11,1,-1,-1,-1
28,9,613,96,11,13,1,-1,-1,-1
29,0,350,410,25,37,1,-1,-1,-1
29,1,372,439,27,40,1,-1,-1,-1
29,2,521,223,14,18,1,-1,-1,-1
29,3,546,256,15,23,1,-1,-1,-1
29,5,560,206,15,19,1,-1,-1,-1
29,6,559,126,12,14,1,-1,-1,-1
29,7,474,415,26,46,1,-1,-1,-1
29,8,541,4,11,11,1,-1,-1,-1
29,9,613,96,10,14,1,-1,-1,-1
30,0,349,413,25,37,1,-1,-1,-1
30,1,369,445,27,42,1,-1,-1,-1
30,2,522,221,14,18,1,-1,-1,-1
30,3,547,254,15,23,1,-1,-1,-1
30,5,561,205,16,19,1,-1,-1,-1
30,6,560,125,12,14,1,-1,-1,-1
30,7,475,411,26,46,1,-1,-1,-1
30,8,540,5,11,11,1,-1,-1,-1
30,9,614,96,10,14,1,-1,-1,-1
31,0,348,416,26,38,1,-1,-1,-1
31,1,366,451,28,43,1,-1,-1,-1
31,2,523,219,14,18,1,-1,-1,-1
31,3,547,253,15,23,1,-1,-1,-1
31,5,561,204,16,19,1,-1,-1,-1
31,6,560,125,13,14,1,-1,-1,-1
31,7,477,408,26,45,1,-1,-1,-1
31,8,540,6,11,11,1,-1,-1,-1
31,9,614,96,10,14,1,-1,-1,-1
32,0,347,418,26,38,1,-1,-1,-1
32,1,364,457,28,45,1,-1,-1,-1
32,2,523,217,14,18,1,-1,-1,-1
32,3,548,251,15,23,1,-1,-1,-1
32,5,561,203,15,19,1,-1,-1,-1
32,6,560,124,13,14,1,-1,-1,-1
32,7,478,404,25,44,1,-1,-1,-1
32,8,540,7,11,11,1,-1,-1,-1
32,9,614,96,10,14,1,-1,-1,-1
33,0,346,421,26,38,1,-1,-1,-1
33,1,361,465,28,43,1,-1,-1,-1
33,2,524,215,14,18,1,-1,-1,-1
33,3,548,250,15,22,1,-1,-1,-1
33,5,562,202,15,19,1,-1,-1,-1
33,6,561,123,13,14,1,-1,-1,-1
33,7,479,401,25,44,1,-1,-1,-1
33,8,540,8,11,10,1,-1,-1,-1
33,9,614,96,10,14,1,-1,-1,-1
34,0,344,424,26,38,1,-1,-1,-1
34,1,358,474,28,41,1,-1,-1,-1
34,2,525,213,14,19,1,-1,-1,-1
34,3,549,249,15,22,1,-1,-1,-1
34,5,562,201,15,19,1,-1,-1,-1
34,6,561,123,13,13,1,-1,-1,-1
34,7,480,398,25,43,1,-1,-1,-1
34,8,539,9,11,10,1,-1,-1,-1
34,9,614,97,11,14,1,-1,-1,-1
35,0,343,427,26,39,1,-1,-1,-1
35,1,356,482,28,39,1,-1,-1,-1
35,2,525,211,14,19,1,-1,-1,-1
35,3,550,247,14,22,1,-1,-1,-1
35,5,562,200,15,19,1,-1,-1,-1
35,6,562,122,13,13,1,-1,-1,-1
35,7,481,395,25,42,1,-1,-1,-1
35,8,539,10,11,10,1,-1,-1,-1
35,9,615,97,11,14,1,-1,-1,-1
36,0,342,430,27,39,1,-1,-1,-1
36,1,353,490,28,37,1,-1,-1,-1
36,2,526,209,13,19,1,-1,-1,-1
36,3,551,246,14,21,1,-1,-1,-1
36,5,563,199,15,19,1,-1,-1,-1
36,6,562,121,13,13,1,-1,-1,-1
36,7,483,391,24,42,1,-1,-1,-1
36,8,539,11,11,10,1,-1,-1,-1
36,9,615,97,11,13,1,-1,-1,-1
37,0,341,433,27,39,1,-1,-1,-1
37,1,348,498,30,40,1,-1,-1,-1
37,2,526,207,13,20,1,-1,-1,-1
37,3,551,244,14,21,1,-1,-1,-1
37,5,563,198,15,18,1,-1,-1,-1
37,6,563,121,13,13,1,-1,-1,-1
37,7,483,388,25,42,1,-1,-1,-1
37,8,539,13,11,10,1,-1,-1,-1
37,9,615,98,11,13,1,-1,-1,-1
38,0,339,436,27,39,1,-1,-1,-1
38,1,348,506,29,33,1,-1,-1,-1
38,2,527,206,13,19,1,-1,-1,-1
38,3,552,244,14,21,1,-1,-1,-1
38,5,564,198,15,18,1,-1,-1,-1
38,6,563,120,12,13,1,-1,-1,-1
38,7,484,386,25,41,1,-1,-1,-1
38,8,539,14,11,11,1,-1,-1,-1
38,9,615,98,11,13,1,-1,-1,-1
39,0,338,440,27,40,1,-1,-1,-1
39,2,528,205,13,19,1,-1,-1,-1
39,3,552,243,14,21,1,-1,-1,-1
39,5,564,197,15,18,1,-1,-1,-1
39,6,563,120,12,13,1,-1,-1,-1
39,7,485,383,25,41,1,-1,-1,-1
39,8,539,15,10,11,1,-1,-1,-1
39,9,615,99,10,13,1,-1,-1,-1
40,0,337,443,27,40,1,-1,-1,-1
40,2,528,204,13,19,1,-1,-1,-1
40,3,552,242,14,21,1,-1,-1,-1
40,5,564,196,15,18,1,-1,-1,-1
40,6,563,120,12,13,1,-1,-1,-1
40,7,486,380,26,40,1,-1,-1,-1
40,8,538,16,10,11,1,-1,-1,-1
40,9,615,99,10,13,1,-1,-1,-1
41,0,335,447,28,40,1,-1,-1,-1
41,2,529,203,13,18,1,-1,-1,-1
41,3,553,241,14,21,1,-1,-1,-1
41,5,565,196,15,18,1,-1,-1,-1
41,6,564,119,12,13,1,-1,-1,-1
41,7,487,377,26,40,1,-1,-1,-1
41,8,538,18,10,11,1,-1,-1,-1
41,9,615,100,10,13,1,-1,-1,-1
42,0,334,450,28,40,1,-1,-1,-1
42,2,529,202,12,18,1,-1,-1,-1
42,3,553,240,14,21,1,-1,-1,-1
42,5,565,195,16,18,1,-1,-1,-1
42,6,564,119,12,13,1,-1,-1,-1
42,7,488,374,26,40,1,-1,-1,-1
42,8,538,19,10,11,1,-1,-1,-1
42,9,616,100,10,13,1,-1,-1,-1
43,0,333,454,28,41,1,-1,-1,-1
43,2,530,201,12,17,1,-1,-1,-1
43,3,554,239,14,21,1,-1,-1,-1
43,5,566,195,16,18,1,-1,-1,-1
43,6,564,119,12,12,1,-1,-1,-1
43,7,489,371,26,39,1,-1,-1,-1
43,8,538,20,10,11,1,-1,-1,-1
43,9,616,101,10,13,1,-1,-1,-1
44,0,331,457,28,41,1,-1,-1,-1
44,2,530,200,12,18,1,-1,-1,-1
44,3,554,238,14,21,1,-1,-1,-1
44,5,566,194,16,18,1,-1,-1,-1
44,6,564,118,12,12,1,-1,-1,-1
44,7,490,369,25,39,1,-1,-1,-1
44,8,538,21,11,12,1,-1,-1,-1
44,9,616,102,10,13,1,-1,-1,-1
45,0,330,461,28,41,1,-1,-1,-1
45,2,531,199,12,18,1,-1,-1,-1
45,3,555,237,14,21,1,-1,-1,-1
45,5,566,193,16,18,1,-1,-1,-1
45,6,565,118,12,12,1,-1,-1,-1
45,7,491,366,25,38,1,-1,-1,-1
45,8,537,23,11,12,1,-1,-1,-1
45,9,616,102,10,13,1,-1,-1,-1
46,0,329,464,29,42,1,-1,-1,-1
46,2,531,198,12,18,1,-1,-1,-1
46,3,555,236,14,21,1,-1,-1,-1
46,5,567,193,16,17,1,-1,-1,-1
46,6,565,118,12,12,1,-1,-1,-1
46,7,493,364,24,38,1,-1,-1,-1
46,8,537,24,11,12,1,-1,-1,-1
46,9,616,103,10,13,1,-1,-1,-1
47,0,327,468,29,42,1,-1,-1,-1
47,2,532,196,13,18,1,-1,-1,-1
47,3,556,235,14,21,1,-1,-1,-1
47,5,567,192,16,17,1,-1,-1,-1
47,6,565,118,12,12,1,-1,-1,-1
47,7,494,361,24,37,1,-1,-1,-1
47,8,537,25,11,13,1,-1,-1,-1
47,9,616,103,10,13,1,-1,-1,-1
48,0,326,471,29,42,1,-1,-1,-1
48,2,532,195,13,18,1,-1,-1,-1
48,3,556,234,14,21,1,-1,-1,-1
48,5,568,191,16,17,1,-1,-1,-1
48,6,566,118,12,12,1,-1,-1,-1
48,7,495,359,24,37,1,-1,-1,-1
48,8,536,27,11,12,1,-1,-1,-1
48,9,616,104,10,13,1,-1,-1,-1
49,0,324,474,29,42,1,-1,-1,-1
49,2,533,194,13,18,1,-1,-1,-1
49,3,557,233,14,21,1,-1,-1,-1
49,5,568,191,16,17,1,-1,-1,-1
49,6,566,117,12,12,1,-1,-1,-1
49,7,496,356,24,37,1,-1,-1,-1
49,8,536,28,11,12,1,-1,-1,-1
49,9,616,104,11,13,1,-1,-1,-1
50,0,322,478,30,43,1,-1,-1,-1
50,2,533,193,13,18,1,-1,-1,-1
50,3,557,233,14,20,1,-1,-1,-1
50,5,568,190,15,17,1,-1,-1,-1
50,6,566,117,12,13,1,-1,-1,-1
50,7,496,354,24,37,1,-1,-1,-1
50,8,536,30,11,12,1,-1,-1,-1
50,9,616,105,11,13,1,-1,-1,-1
51,0,321,482,30,44,1,-1,-1,-1
51,2,534,193,13,17,1,-1,-1,-1
51,3,558,232,14,20,1,-1,-1,-1
51,5,568,190,15,17,1,-1,-1,-1
51,6,567,117,12,13,1,-1,-1,-1
51,7,497,352,25,37,1,-1,-1,-1
51,8,535,32,11,12,1,-1,-1,-1
51,9,616,106,11,14,1,-1,-1,-1
52,0,319,486,31,44,1,-1,-1,-1
52,2,534,192,13,17,1,-1,-1,-1
52,3,558,231,14,20,1,-1,-1,-1
52,5,569,189,15,17,1,-1,-1,-1
52,6,567,117,12,13,1,-1,-1,-1
52,7,497,349,25,37,1,-1,-1,-1
52,8,535,33,11,12,1,-1,-1,-1
52,9,616,107,11,14,1,-1,-1,-1
53,0,317,490,31,45,1,-1,-1,-1
53,2,534,191,13,17,1,-1,-1,-1
53,3,558,231,14,20,1,-1,-1,-1
53,5,569,189,15,17,1,-1,-1,-1
53,6,568,117,11,13,1,-1,-1,-1
53,7,498,347,26,37,1,-1,-1,-1
53,8,535,35,11,12,1,-1,-1,-1
53,9,616,108,11,14,1,-1,-1,-1
54,0,315,493,32,46,1,-1,-1,-1
54,2,535,190,14,17,1,-1,-1,-1
54,3,559,230,14,20,1,-1,-1,-1
54,5,569,188,15,17,1,-1,-1,-1
54,6,568,116,11,14,1,-1,-1,-1
54,7,498,344,26,37,1,-1,-1,-1
54,8,534,36,11,12,1,-1,-1,-1
54,9,616,109,11,14,1,-1,-1,-1
55,0,315,497,31,42,1,-1,-1,-1
55,2,535,190,14,17,1,-1,-1,-1
55,3,559,229,14,20,1,-1,-1,-1
55,5,570,188,14,17,1,-1,-1,-1
55,6,568,116,11,14,1,-1,-1,-1
55,7,500,342,25,36,1,-1,-1,-1
55,8,534,38,11,13,1,-1,-1,-1
55,9,616,109,10,14,1,-1,-1,-1
56,0,315,501,29,38,1,-1,-1,-1
56,2,536,189,14,16,1,-1,-1,-1
56,3,559,229,14,20,1,-1,-1,-1
56,5,570,187,14,17,1,-1,-1,-1
56,6,569,116,11,14,1,-1,-1,-1
56,7,501,340,25,36,1,-1,-1,-1
56,8,534,39,11,13,1,-1,-1,-1
56,9,616,110,10,14,1,-1,-1,-1
57,0,314,505,28,34,1,-1,-1,-1
57,2,536,188,14,16,1,-1,-1,-1
57,3,560,228,14,20,1,-1,-1,-1
57,5,571,187,14,17,1,-1,-1,-1
57,6,569,116,11,14,1,-1,-1,-1
57,7,502,338,24,35,1,-1,-1,-1
57,8,533,40,12,13,1,-1,-1,-1
57,9,617,111,10,14,1,-1,-1,-1
58,0,314,509,27,30,1,-1,-1,-1
58,2,537,188,14,16,1,-1,-1,-1
58,3,560,227,14,20,1,-1,-1,-1
58,5,571,187,14,17,1,-1,-1,-1
58,6,569,116,11,13,1,-1,-1,-1
58,7,503,336,23,35,1,-1,-1,-1
58,8,533,42,12,14,1,-1,-1,-1
58,9,617,112,10,14,1,-1,-1,-1
59,0,314,513,26,26,1,-1,-1,-1
59,2,537,187,13,16,1,-1,-1,-1
59,3,560,226,14,20,1,-1,-1,-1
59,5,572,186,14,17,1,-1,-1,-1
59,6,569,116,11,13,1,-1,-1,-1
59,7,504,334,23,34,1,-1,-1,-1
59,8,532,43,12,14,1,-1,-1,-1
59,9,617,113,10,14,1,-1,-1,-1
60,0,314,517,24,22,1,-1,-1,-1
60,2,538,186,13,15,1,-1,-1,-1
60,3,561,226,14,20,1,-1,-1,-1
60,5,572,186,14,16,1,-1,-1,-1
60,6,570,116,11,13,1,-1,-1,-1
60,7,505,332,22,34,1,-1,-1,-1
60,8,532,45,12,14,1,-1,-1,-1
60,9,617,113,10,14,1,-1,-1,-1
61,0,314,521,23,18,1,-1,-1,-1
61,2,538,185,13,15,1,-1,-1,-1
61,3,561,225,14,20,1,-1,-1,-1
61,5,572,186,14,16,1,-1,-1,-1
61,6,570,116,11,13,1,-1,-1,-1
61,7,506,330,22,34,1,-1,-1,-1
61,8,532,47,12,14,1,-1,-1,-1
61,9,617,114,10,14,1,-1,-1,-1
62,2,539,185,13,15,1,-1,-1,-1
62,3,562,225,14,20,1,-1,-1,-1
62,5,573,185,14,16,1,-1,-1,-1
62,6,570,116,11,13,1,-1,-1,-1
62,7,507,329,22,34,1,-1,-1,-1
62,8,532,49,11,14,1,-1,-1,-1
62,9,617,115,10,14,1,-1,-1,-1
63,2,539,184,13,15,1,-1,-1,-1
63,3,562,224,14,20,1,-1,-1,-1
63,5,573,185,14,16,1,-1,-1,-1
63,6,570,116,11,13,1,-1,-1,-1
63,7,508,327,23,34,1,-1,-1,-1
63,8,531,51,11,14,1,-1,-1,-1
63,9,617,116,10,14,1,-1,-1,-1
64,2,540,183,13,15,1,-1,-1,-1
64,3,563,224,14,19,1,-1,-1,-1
64,5,574,185,14,16,1,-1,-1,-1
64,6,571,116,11,13,1,-1,-1,-1
64,7,508,325,23,34,1,-1,-1,-1
64,8,531,53,11,14,1,-1,-1,-1
64,9,617,117,10,14,1,-1,-1,-1
65,2,540,183,13,15,1,-1,-1,-1
65,3,564,223,13,19,1,-1,-1,-1
65,5,574,184,14,16,1,-1,-1,-1
65,6,571,116,11,13,1,-1,-1,-1
65,7,509,323,23,35,1,-1,-1,-1
65,8,531,54,11,14,1,-1,-1,-1
65,9,617,117,10,14,1,-1,-1,-1
66,2,541,182,13,15,1,-1,-1,-1
66,3,564,223,13,19,1,-1,-1,-1
66,5,574,184,14,17,1,-1,-1,-1
66,6,571,116,11,13,1,-1,-1,-1
66,7,510,321,23,35,1,-1,-1,-1
66,8,531,56,11,14,1,-1,-1,-1
66,9,617,118,10,14,1,-1,-1,-1
67,2,541,181,13,15,1,-1,-1,-1
67,3,565,223,13,18,1,-1,-1,-1
67,5,575,184,14,17,1,-1,-1,-1
67,6,572,116,11,13,1,-1,-1,-1
67,7,511,320,22,34,1,-1,-1,-1
67,8,530,57,12,14,1,-1,-1,-1
67,9,617,119,10,14,1,-1,-1,-1
68,2,542,181,13,14,1,-1,-1,-1
68,3,565,222,13,18,1,-1,-1,-1
68,5,575,183,14,16,1,-1,-1,-1
68,6,572,117,11,12,1,-1,-1,-1
68,7,512,318,22,33,1,-1,-1,-1
68,8,530,59,12,14,1,-1,-1,-1
68,9,617,120,10,14,1,-1,-1,-1
69,2,543,180,13,14,1,-1,-1,-1
69,3,566,221,13,18,1,-1,-1,-1
69,5,575,183,14,16,1,-1,-1,-1
69,6,572,117,11,12,1,-1,-1,-1
69,7,513,317,21,33,1,-1,-1,-1
69,8,529,60,12,14,1,-1,-1,-1
69,9,618,121,10,14,1,-1,-1,-1
70,2,543,179,13,14,1,-1,-1,-1
70,3,566,221,13,18,1,-1,-1,-1
70,5,576,183,14,16,1,-1,-1,-1
70,6,572,117,11,12,1,-1,-1,-1
70,7,514,315,21,32,1,-1,-1,-1
70,8,529,62,13,14,1,-1,-1,-1
70,9,618,121,11,14,1,-1,-1,-1
71,2,544,178,12,14,1,-1,-1,-1
71,3,566,220,13,18,1,-1,-1,-1
71,5,576,182,14,16,1,-1,-1,-1
71,6,573,117,11,12,1,-1,-1,-1
71,7,515,314,20,31,1,-1,-1,-1
71,8,528,63,13,15,1,-1,-1,-1
71,9,618,122,11,14,1,-1,-1,-1
72,2,544,178,12,14,1,-1,-1,-1
72,3,567,219,13,18,1,-1,-1,-1
72,5,576,182,14,16,1,-1,-1,-1
72,6,573,117,11,11,1,-1,-1,-1
72,7,516,312,20,30,1,-1,-1,-1
72,8,528,65,13,14,1,-1,-1,-1
72,9,618,123,11,14,1,-1,-1,-1
73,2,545,177,12,14,1,-1,-1,-1
73,3,567,219,13,18,1,-1,-1,-1
73,5,577,182,14,16,1,-1,-1,-1
73,6,573,117,11,11,1,-1,-1,-1
73,7,517,311,20,30,1,-1,-1,-1
73,8,528,67,13,14,1,-1,-1,-1
73,9,618,124,11,13,1,-1,-1,-1
73,10,470,519,23,20,1,-1,-1,-1
74,2,545,177,12,14,1,-1,-1,-1
74,3,568,218,13,18,1,-1,-1,-1
74,5,577,182,14,16,1,-1,-1,-1
74,6,573,117,11,11,1,-1,-1,-1
74,7,517,310,20,30,1,-1,-1,-1
74,8,528,69,13,14,1,-1,-1,-1
74,9,618,125,11,13,1,-1,-1,-1
74,10,471,516,23,23,1,-1,-1,-1
75,2,546,176,12,14,1,-1,-1,-1
75,3,568,218,13,18,1,-1,-1,-1
75,5,578,181,14,15,1,-1,-1,-1
75,6,574,117,11,11,1,-1,-1,-1
75,7,518,308,20,29,1,-1,-1,-1
75,8,527,70,13,14,1,-1,-1,-1
75,9,618,125,10,14,1,-1,-1,-1
75,10,472,512,24,27,1,-1,-1,-1
76,2,546,176,12,13,1,-1,-1,-1
76,3,568,217,12,18,1,-1,-1,-1
76,5,578,181,13,15,1,-1,-1,-1
76,6,574,117,11,11,1,-1,-1,-1
76,7,519,307,21,29,1,-1,-1,-1
76,8,527,72,13,14,1,-1,-1,-1
76,9,618,126,10,14,1,-1,-1,-1
76,10,473,509,25,30,1,-1,-1,-1
77,2,546,175,12,13,1,-1,-1,-1
77,3,569,217,12,18,1,-1,-1,-1
77,5,578,181,13,15,1,-1,-1,-1
77,6,574,117,11,11,1,-1,-1,-1
77,7,519,305,21,29,1,-1,-1,-1
77,8,527,74,12,14,1,-1,-1,-1
77,9,618,127,10,14,1,-1,-1,-1
77,10,474,505,25,34,1,-1,-1,-1
78,2,547,175,12,13,1,-1,-1,-1
78,3,569,216,12,18,1,-1,-1,-1
78,5,579,181,13,15,1,-1,-1,-1
78,6,575,117,11,12,1,-1,-1,-1
78,7,520,304,22,28,1,-1,-1,-1
78,8,526,75,12,14,1,-1,-1,-1
78,9,618,128,10,14,1,-1,-1,-1
78,10,474,502,26,37,1,-1,-1,-1
79,2,547,174,11,13,1,-1,-1,-1
79,3,570,216,12,18,1,-1,-1,-1
79,5,579,181,13,15,1,-1,-1,-1
79,6,575,117,11,12,1,-1,-1,-1
79,7,521,302,21,28,1,-1,-1,-1
79,8,526,77,13,14,1,-1,-1,-1
79,9,618,129,10,14,1,-1,-1,-1
79,10,475,498,27,41,1,-1,-1,-1
80,2,548,174,11,13,1,-1,-1,-1
80,3,570,215,12,18,1,-1,-1,-1
80,5,579,181,13,15,1,-1,-1,-1
80,6,575,117,11,12,1,-1,-1,-1
80,7,522,301,20,27,1,-1,-1,-1
80,8,526,79,13,14,1,-1,-1,-1
80,9,618,130,10,14,1,-1,-1,-1
80,10,477,495,26,41,1,-1,-1,-1
81,2,548,173,11,13,1,-1,-1,-1
81,3,570,215,12,18,1,-1,-1,-1
81,5,579,180,13,15,1,-1,-1,-1
81,6,576,118,11,12,1,-1,-1,-1
81,7,523,299,20,27,1,-1,-1,-1
81,8,525,81,13,14,1,-1,-1,-1
81,9,618,131,10,14,1,-1,-1,-1
81,10,478,491,26,40,1,-1,-1,-1
82,2,549,173,11,13,1,-1,-1,-1
82,3,571,215,12,18,1,-1,-1,-1
82,5,580,180,13,15,1,-1,-1,-1
82,6,576,118,11,11,1,-1,-1,-1
82,7,524,298,19,27,1,-1,-1,-1
82,8,525,83,13,14,1,-1,-1,-1
82,9,618,132,10,14,1,-1,-1,-1
82,10,479,488,26,40,1,-1,-1,-1
83,2,549,172,11,12,1,-1,-1,-1
83,3,571,214,12,18,1,-1,-1,-1
83,5,580,180,13,15,1,-1,-1,-1
83,6,576,118,11,11,1,-1,-1,-1
83,7,525,296,19,26,1,-1,-1,-1
83,8,525,85,13,14,1,-1,-1,-1
83,9,618,133,10,14,1,-1,-1,-1
83,10,481,485,25,39,1,-1,-1,-1
84,2,549,172,11,12,1,-1,-1,-1
84,3,571,214,12,17,1,-1,-1,-1
84,5,580,180,13,15,1,-1,-1,-1
84,6,576,118,11,11,1,-1,-1,-1
84,7,526,295,18,26,1,-1,-1,-1
84,8,524,86,13,14,1,-1,-1,-1
84,9,619,134,10,14,1,-1,-1,-1
84,10,482,482,25,39,1,-1,-1,-1
85,2,550,171,11,12,1,-1,-1,-1
85,3,572,213,12,17,1,-1,-1,-1
85,5,580,179,13,14,1,-1,-1,-1
85,6,576,119,11,11,1,-1,-1,-1
85,7,526,293,18,26,1,-1,-1,-1
85,8,524,88,13,14,1,-1,-1,-1
85,9,619,134,10,14,1,-1,-1,-1
85,10,484,478,24,38,1,-1,-1,-1
86,2,550,171,11,12,1,-1,-1,-1
86,3,572,213,12,17,1,-1,-1,-1
86,5,581,179,13,15,1,-1,-1,-1
86,6,576,119,11,11,1,-1,-1,-1
86,7,527,292,18,26,1,-1,-1,-1
86,8,524,90,13,14,1,-1,-1,-1
86,9,619,135,10,14,1,-1,-1,-1
86,10,485,476,24,38,1,-1,-1,-1
87,2,551,170,11,12,1,-1,-1,-1
87,3,573,213,12,17,1,-1,-1,-1
87,5,581,179,13,15,1,-1,-1,-1
87,6,577,119,11,11,1,-1,-1,-1
87,7,527,290,18,25,1,-1,-1,-1
87,8,523,92,13,14,1,-1,-1,-1
87,9,619,136,10,14,1,-1,-1,-1
87,10,486,473,24,38,1,-1,-1,-1
88,2,551,170,11,12,1,-1,-1,-1
88,3,573,212,12,18,1,-1,-1,-1
88,5,581,179,13,15,1,-1,-1,-1
88,6,577,119,11,11,1,-1,-1,-1
88,7,528,289,18,25,1,-1,-1,-1
88,8,523,93,13,15,1,-1,-1,-1
88,9,619,137,10,14,1,-1,-1,-1
88,10,487,470,24,37,1,-1,-1,-1
89,2,552,169,11,12,1,-1,-1,-1
89,3,573,212,12,18,1,-1,-1,-1
89,5,582,179,13,15,1,-1,-1,-1
89,6,577,119,11,11,1,-1,-1,-1
89,7,529,288,18,25,1,-1,-1,-1
89,8,523,95,13,15,1,-1,-1,-1
89,9,619,138,11,14,1,-1,-1,-1
89,10,488,467,23,37,1,-1,-1,-1
90,2,552,169,11,12,1,-1,-1,-1
90,3,574,211,12,18,1,-1,-1,-1
90,5,582,179,13,15,1,-1,-1,-1
90,6,577,119,11,11,1,-1,-1,-1
90,7,529,286,18,25,1,-1,-1,-1
90,8,522,97,13,15,1,-1,-1,-1
90,9,619,139,11,14,1,-1,-1,-1
90,10,489,464,23,37,1,-1,-1,-1
91,2,553,169,11,12,1,-1,-1,-1
91,3,574,211,12,18,1,-1,-1,-1
91,5,582,179,13,15,1,-1,-1,-1
91,6,577,119,11,11,1,-1,-1,-1
91,7,530,285,18,25,1,-1,-1,-1
91,8,522,99,13,14,1,-1,-1,-1
91,9,619,140,11,14,1,-1,-1,-1
91,10,490,461,23,37,1,-1,-1,-1
92,2,553,168,11,12,1,-1,-1,-1
92,3,574,211,12,18,1,-1,-1,-1
92,5,583,179,13,15,1,-1,-1,-1
92,6,578,119,11,11,1,-1,-1,-1
92,7,531,284,18,25,1,-1,-1,-1
92,8,522,101,13,14,1,-1,-1,-1
92,9,619,140,11,14,1,-1,-1,-1
92,10,491,459,23,37,1,-1,-1,-1
93,2,554,168,11,12,1,-1,-1,-1
93,3,575,211,12,18,1,-1,-1,-1
93,5,583,179,13,15,1,-1,-1,-1
93,6,578,119,10,11,1,-1,-1,-1
93,7,531,283,18,25,1,-1,-1,-1
93,8,521,103,13,14,1,-1,-1,-1
93,9,619,141,11,14,1,-1,-1,-1
93,10,491,456,24,36,1,-1,-1,-1
94,2,554,167,11,12,1,-1,-1,-1
94,3,575,210,12,18,1,-1,-1,-1
94,5,583,178,12,15,1,-1,-1,-1
94,6,578,120,10,11,1,-1,-1,-1
94,7,532,281,17,25,1,-1,-1,-1
94,8,521,105,12,14,1,-1,-1,-1
94,9,619,142,11,14,1,-1,-1,-1
94,10,492,454,24,36,1,-1,-1,-1
95,2,555,167,11,12,1,-1,-1,-1
95,3,575,210,12,17,1,-1,-1,-1
95,5,584,178,12,14,1,-1,-1,-1
95,6,578,120,10,11,1,-1,-1,-1
95,7,533,280,17,25,1,-1,-1,-1
95,8,521,108,12,14,1,-1,-1,-1
95,9,619,143,11,15,1,-1,-1,-1
95,10,493,451,24,36,1,-1,-1,-1
96,2,555,166,11,13,1,-1,-1,-1
96,3,576,210,11,17,1,-1,-1,-1
96,5,584,178,12,14,1,-1,-1,-1
96,6,579,120,10,11,1,-1,-1,-1
96,7,533,279,17,25,1,-1,-1,-1
96,8,520,109,12,14,1,-1,-1,-1
96,9,620,144,11,15,1,-1,-1,-1
96,10,494,449,25,36,1,-1,-1,-1
97,2,556,166,11,13,1,-1,-1,-1
97,3,576,210,11,17,1,-1,-1,-1
97,5,585,178,12,14,1,-1,-1,-1
97,6,579,121,10,11,1,-1,-1,-1
97,7,534,278,17,24,1,-1,-1,-1
97,8,520,111,12,14,1,-1,-1,-1
97,9,620,145,11,15,1,-1,-1,-1
97,10,495,446,25,36,1,-1,-1,-1
98,2,556,166,11,13,1,-1,-1,-1
98,3,576,210,12,17,1,-1,-1,-1
98,5,585,178,12,14,1,-1,-1,-1
98,6,579,121,10,11,1,-1,-1,-1
98,7,535,277,17,24,1,-1,-1,-1
98,8,519,113,12,15,1,-1,-1,-1
98,9,620,146,11,15,1,-1,-1,-1
98,10,496,444,25,36,1,-1,-1,-1
99,2,556,165,11,12,1,-1,-1,-1
99,3,577,210,12,17,1,-1,-1,-1
99,5,585,178,13,14,1,-1,-1,-1
99,6,579,121,10,11,1,-1,-1,-1
99,7,535,276,17,24,1,-1,-1,-1
99,8,519,115,12,15,1,-1,-1,-1
99,9,620,147,11,14,1,-1,-1,-1
99,10,498,441,24,35,1,-1,-1,-1
100,2,557,165,11,12,1,-1,-1,-1
100,3,577,210,12,17,1,-1,-1,-1
100,5,585,178,13,14,1,-1,-1,-1
100,6,580,121,10,11,1,-1,-1,-1
100,7,536,275,17,23,1,-1,-1,-1
100,8,518,117,12,15,1,-1,-1,-1
100,9,620,148,10,14,1,-1,-1,-1
100,10,499,439,24,35,1,-1,-1,-1
101,2,557,165,11,12,1,-1,-1,-1
101,3,577,210,12,16,1,-1,-1,-1
101,5,585,178,13,14,1,-1,-1,-1
101,6,580,121,10,11,1,-1,-1,-1
101,7,536,274,17,23,1,-1,-1,-1
101,8,518,119,12,15,1,-1,-1,-1
101,9,621,149,10,14,1,-1,-1,-1
101,10,500,437,23,35,1,-1,-1,-1
102,2,557,165,11,12,1,-1,-1,-1
102,3,578,209,12,16,1,-1,-1,-1
102,5,585,178,13,14,1,-1,-1,-1
102,6,580,122,10,11,1,-1,-1,-1
102,7,537,274,17,23,1,-1,-1,-1
102,8,518,121,12,15,1,-1,-1,-1
102,9,621,150,10,14,1,-1,-1,-1
102,10,502,434,23,34,1,-1,-1,-1
103,2,558,164,11,12,1,-1,-1,-1
103,3,578,209,12,16,1,-1,-1,-1
103,5,585,178,14,14,1,-1,-1,-1
103,6,580,122,10,11,1,-1,-1,-1
103,7,537,272,17,23,1,-1,-1,-1
103,8,517,123,12,15,1,-1,-1,-1
103,9,621,152,10,14,1,-1,-1,-1
103,10,503,432,22,34,1,-1,-1,-1
104,2,558,164,11,12,1,-1,-1,-1
104,3,578,209,12,16,1,-1,-1,-1
104,5,586,178,14,14,1,-1,-1,-1
104,6,580,122,10,11,1,-1,-1,-1
104,7,538,271,18,23,1,-1,-1,-1
104,8,517,125,12,16,1,-1,-1,-1
104,9,621,153,10,14,1,-1,-1,-1
104,10,504,429,22,34,1,-1,-1,-1
105,2,559,164,10,12,1,-1,-1,-1
105,3,578,209,13,17,1,-1,-1,-1
105,5,586,178,13,14,1,-1,-1,-1
105,6,581,122,10,11,1,-1,-1,-1
105,7,538,270,18,23,1,-1,-1,-1
105,8,516,127,12,16,1,-1,-1,-1
105,9,621,154,10,14,1,-1,-1,-1
105,10,505,427,22,34,1,-1,-1,-1
106,2,559,163,10,12,1,-1,-1,-1
106,3,578,209,13,17,1,-1,-1,-1
106,5,586,178,13,14,1,-1,-1,-1
106,6,581,123,10,11,1,-1,-1,-1
106,7,539,269,18,24,1,-1,-1,-1
106,8,516,129,13,16,1,-1,-1,-1
106,9,621,155,10,14,1,-1,-1,-1
106,10,506,425,22,34,1,-1,-1,-1
107,2,559,163,10,12,1,-1,-1,-1
107,3,578,208,13,17,1,-1,-1,-1
107,5,587,178,13,14,1,-1,-1,-1
107,6,581,123,10,11,1,-1,-1,-1
107,7,539,268,18,24,1,-1,-1,-1
107,8,515,131,13,16,1,-1,-1,-1
107,9,622,156,10,14,1,-1,-1,-1
107,10,507,423,22,34,1,-1,-1,-1
108,2,560,163,10,12,1,-1,-1,-1
108,3,578,208,13,17,1,-1,-1,-1
108,5,587,178,13,14,1,-1,-1,-1
108,6,581,123,10,11,1,-1,-1,-1
108,7,539,267,18,24,1,-1,-1,-1
108,8,514,133,13,16,1,-1,-1,-1
108,9,622,157,10,14,1,-1,-1,-1
108,10,508,420,22,34,1,-1,-1,-1
109,2,560,163,10,12,1,-1,-1,-1
109,3,579,208,13,18,1,-1,-1,-1
109,5,587,178,13,14,1,-1,-1,-1
109,6,581,123,10,11,1,-1,-1,-1
109,7,540,266,18,24,1,-1,-1,-1
109,8,514,135,13,16,1,-1,-1,-1
109,9,622,158,9,14,1,-1,-1,-1
109,10,509,418,22,34,1,-1,-1,-1
110,2,559,162,10,12,1,-1,-1,-1
110,3,578,208,13,18,1,-1,-1,-1
110,5,587,178,13,14,1,-1,-1,-1
110,6,581,124,10,11,1,-1,-1,-1
110,7,540,266,18,24,1,-1,-1,-1
110,8,513,137,13,17,1,-1,-1,-1
110,9,621,158,10,14,1,-1,-1,-1
110,10,509,416,22,33,1,-1,-1,-1
111,2,559,162,10,12,1,-1,-1,-1
111,3,578,207,13,18,1,-1,-1,-1
111,5,587,178,13,14,1,-1,-1,-1
111,6,581,124,10,11,1,-1,-1,-1
111,7,540,265,18,23,1,-1,-1,-1
111,8,512,139,13,17,1,-1,-1,-1
111,9,621,159,10,14,1,-1,-1,-1
111,10,509,414,22,33,1,-1,-1,-1
112,2,558,162,10,12,1,-1,-1,-1
112,3,578,207,13,18,1,-1,-1,-1
112,5,586,178,13,14,1,-1,-1,-1
112,6,580,125,11,11,1,-1,-1,-1
112,7,541,264,18,23,1,-1,-1,-1
112,8,512,141,13,17,1,-1,-1,-1
112,9,620,160,10,14,1,-1,-1,-1
112,10,509,412,22,33,1,-1,-1,-1
113,2,558,161,10,12,1,-1,-1,-1
113,3,578,207,13,18,1,-1,-1,-1
113,5,586,178,13,14,1,-1,-1,-1
113,6,580,125,11,10,1,-1,-1,-1
113,7,541,264,17,23,1,-1,-1,-1
113,8,511,143,13,17,1,-1,-1,-1
113,9,620,161,10,14,1,-1,-1,-1
113,10,509,410,22,32,1,-1,-1,-1
114,2,557,161,10,12,1,-1,-1,-1
114,3,578,206,13,18,1,-1,-1,-1
114,5,586,178,13,14,1,-1,-1,-1
114,6,579,125,11,10,1,-1,-1,-1
114,7,542,263,17,23,1,-1,-1,-1
114,8,509,145,13,17,1,-1,-1,-1
114,9,619,162,10,14,1,-1,-1,-1
114,10,510,408,22,32,1,-1,-1,-1
115,2,559,161,10,12,1,-1,-1,-1
115,3,578,206,13,18,1,-1,-1,-1
115,5,585,178,13,14,1,-1,-1,-1
115,6,579,126,11,10,1,-1,-1,-1
115,7,541,262,18,23,1,-1,-1,-1
115,8,507,147,14,17,1,-1,-1,-1
115,9,618,163,10,14,1,-1,-1,-1
115,10,510,406,22,32,1,-1,-1,-1
116,2,556,160,10,12,1,-1,-1,-1
116,3,577,206,13,17,1,-1,-1,-1
116,5,584,177,13,14,1,-1,-1,-1
116,6,578,126,11,10,1,-1,-1,-1
116,7,540,261,18,23,1,-1,-1,-1
116,8,506,149,14,18,1,-1,-1,-1
116,9,617,164,10,14,1,-1,-1,-1
116,10,510,405,21,31,1,-1,-1,-1
117,2,555,160,10,12,1,-1,-1,-1
117,3,576,206,12,17,1,-1,-1,-1
117,5,583,177,13,14,1,-1,-1,-1
117,6,577,126,11,10,1,-1,-1,-1
117,7,539,260,18,23,1,-1,-1,-1
117,8,504,151,15,18,1,-1,-1,-1
117,9,616,165,10,14,1,-1,-1,-1
117,10,510,403,21,30,1,-1,-1,-1
118,2,555,160,11,12,1,-1,-1,-1
118,3,575,206,12,17,1,-1,-1,-1
118,5,582,177,13,14,1,-1,-1,-1
118,6,575,126,11,10,1,-1,-1,-1
118,7,538,259,19,24,1,-1,-1,-1
118,8,502,153,15,18,1,-1,-1,-1
118,9,615,165,11,14,1,-1,-1,-1
118,10,510,401,20,30,1,-1,-1,-1
119,2,554,159,11,12,1,-1,-1,-1
119,3,574,207,12,16,1,-1,-1,-1
119,5,581,177,13,14,1,-1,-1,-1
119,6,574,127,11,10,1,-1,-1,-1
119,7,537,258,19,24,1,-1,-1,-1
119,8,500,155,15,18,1,-1,-1,-1
119,9,613,166,11,14,1,-1,-1,-1
119,10,510,399,20,30,1,-1,-1,-1
120,2,554,159,11,11,1,-1,-1,-1
120,3,573,206,12,16,1,-1,-1,-1
120,5,580,177,13,14,1,-1,-1,-1
120,6,573,127,10,10,1,-1,-1,-1
120,7,536,257,19,24,1,-1,-1,-1
120,8,498,157,15,18,1,-1,-1,-1
120,9,612,167,11,14,1,-1,-1,-1
120,10,510,398,20,29,1,-1,-1,-1
121,2,553,159,11,11,1,-1,-1,-1
121,3,572,206,12,16,1,-1,-1,-1
121,5,579,177,13,13,1,-1,-1,-1
121,6,572,127,10,10,1,-1,-1,-1
121,7,536,256,19,24,1,-1,-1,-1
121,8,497,159,15,18,1,-1,-1,-1
121,9,611,168,11,14,1,-1,-1,-1
121,10,510,396,19,28,1,-1,-1,-1
122,2,552,158,11,12,1,-1,-1,-1
122,3,571,206,12,16,1,-1,-1,-1
122,5,578,177,13,13,1,-1,-1,-1
122,6,571,127,10,10,1,-1,-1,-1
122,7,535,256,18,24,1,-1,-1,-1
122,8,495,161,15,18,1,-1,-1,-1
122,9,610,169,11,14,1,-1,-1,-1
122,10,509,394,19,29,1,-1,-1,-1
123,2,551,158,11,12,1,-1,-1,-1
123,3,570,205,12,16,1,-1,-1,-1
123,5,577,177,13,13,1,-1,-1,-1
123,6,570,127,10,10,1,-1,-1,-1
123,7,535,255,18,23,1,-1,-1,-1
123,8,493,163,14,18,1,-1,-1,-1
123,9,608,169,11,14,1,-1,-1,-1
123,10,509,392,19,29,1,-1,-1,-1
124,2,550,158,11,12,1,-1,-1,-1
124,3,569,205,12,17,1,-1,-1,-1
124,5,576,177,12,14,1,-1,-1,-1
124,6,569,127,10,10,1,-1,-1,-1
124,7,534,254,17,23,1,-1,-1,-1
124,8,491,165,14,18,1,-1,-1,-1
124,9,607,170,11,14,1,-1,-1,-1
124,10,509,390,19,29,1,-1,-1,-1
125,2,548,158,12,12,1,-1,-1,-1
125,3,568,205,12,17,1,-1,-1,-1
125,5,575,176,12,14,1,-1,-1,-1
125,6,568,127,10,10,1,-1,-1,-1
125,7,534,253,17,23,1,-1,-1,-1
125,8,489,168,14,18,1,-1,-1,-1
125,9,605,171,11,14,1,-1,-1,-1
125,10,508,388,19,29,1,-1,-1,-1
126,2,547,157,12,12,1,-1,-1,-1
126,3,568,204,11,17,1,-1,-1,-1
126,5,574,176,12,14,1,-1,-1,-1
126,6,567,127,10,10,1,-1,-1,-1
126,7,533,253,16,23,1,-1,-1,-1
126,8,488,170,14,18,1,-1,-1,-1
126,9,604,171,11,14,1,-1,-1,-1
126,10,508,386,19,29,1,-1,-1,-1
127,2,546,157,12,12,1,-1,-1,-1
127,3,567,204,11,16,1,-1,-1,-1
127,5,573,176,11,14,1,-1,-1,-1
127,6,566,127,9,10,1,-1,-1,-1
127,7,533,252,16,23,1,-1,-1,-1
127,8,486,172,14,18,1,-1,-1,-1
127,9,603,172,11,14,1,-1,-1,-1
127,10,508,384,19,29,1,-1,-1,-1
128,2,546,157,12,12,1,-1,-1,-1
128,3,566,204,11,16,1,-1,-1,-1
128,5,572,176,12,14,1,-1,-1,-1
128,6,565,127,9,10,1,-1,-1,-1
128,7,532,251,17,22,1,-1,-1,-1
128,8,484,175,14,18,1,-1,-1,-1
128,9,602,173,11,14,1,-1,-1,-1
128,10,508,382,19,29,1,-1,-1,-1
129,2,546,156,12,12,1,-1,-1,-1
129,3,566,203,11,16,1,-1,-1,-1
129,5,572,176,12,13,1,-1,-1,-1
129,6,565,127,9,10,1,-1,-1,-1
129,7,532,250,17,22,1,-1,-1,-1
129,8,483,177,15,18,1,-1,-1,-1
129,9,602,173,11,14,1,-1,-1,-1
129,10,508,381,19,29,1,-1,-1,-1
130,2,545,156,12,12,1,-1,-1,-1
130,3,565,203,11,16,1,-1,-1,-1
130,5,572,176,12,13,1,-1,-1,-1
130,6,564,127,9,10,1,-1,-1,-1
130,7,532,249,17,22,1,-1,-1,-1
130,8,481,179,15,18,1,-1,-1,-1
130,9,602,174,11,14,1,-1,-1,-1
130,10,508,379,19,29,1,-1,-1,-1
131,2,545,155,11,12,1,-1,-1,-1
131,3,565,203,11,16,1,-1,-1,-1
131,5,571,175,12,13,1,-1,-1,-1
131,6,564,127,9,10,1,-1,-1,-1
131,7,532,248,17,22,1,-1,-1,-1
131,8,480,182,15,19,1,-1,-1,-1
131,9,601,175,11,14,1,-1,-1,-1
131,10,509,377,19,29,1,-1,-1,-1
132,2,545,155,11,12,1,-1,-1,-1
132,3,565,203,11,16,1,-1,-1,-1
132,5,571,175,12,13,1,-1,-1,-1
132,6,564,127,9,10,1,-1,-1,-1
132,7,531,247,17,22,1,-1,-1,-1
132,8,479,184,15,18,1,-1,-1,-1
132,9,601,176,11,15,1,-1,-1,-1
132,10,509,375,18,29,1,-1,-1,-1
133,2,545,154,11,12,1,-1,-1,-1
133,3,565,202,11,16,1,-1,-1,-1
133,5,571,175,12,13,1,-1,-1,-1
133,6,563,127,9,10,1,-1,-1,-1
133,7,532,246,16,21,1,-1,-1,-1
133,8,478,186,15,18,1,-1,-1,-1
133,9,601,176,11,15,1,-1,-1,-1
133,10,509,374,18,29,1,-1,-1,-1
134,2,545,154,11,12,1,-1,-1,-1
134,3,565,202,11,16,1,-1,-1,-1
134,5,571,175,12,13,1,-1,-1,-1
134,6,563,127,9,10,1,-1,-1,-1
134,7,532,245,16,21,1,-1,-1,-1
134,8,478,188,15,18,1,-1,-1,-1
134,9,600,177,11,14,1,-1,-1,-1
134,10,509,372,18,28,1,-1,-1,-1
135,2,545,154,11,12,1,-1,-1,-1
135,3,565,202,11,16,1,-1,-1,-1
135,5,571,175,12,13,1,-1,-1,-1
135,6,563,127,9,10,1,-1,-1,-1
135,7,533,244,16,21,1,-1,-1,-1
135,8,477,190,14,18,1,-1,-1,-1
135,9,600,178,11,14,1,-1,-1,-1
135,10,510,371,19,28,1,-1,-1,-1
136,2,545,153,11,12,1,-1,-1,-1
136,3,565,202,11,17,1,-1,-1,-1
136,5,571,175,13,13,1,-1,-1,-1
136,6,563,127,9,11,1,-1,-1,-1
136,7,533,244,16,21,1,-1,-1,-1
136,8,477,192,14,18,1,-1,-1,-1
136,9,600,179,11,14,1,-1,-1,-1
136,10,510,369,19,28,1,-1,-1,-1
137,2,545,153,11,12,1,-1,-1,-1
137,3,566,201,11,17,1,-1,-1,-1
137,5,571,175,13,13,1,-1,-1,-1
137,6,563,127,9,11,1,-1,-1,-1
137,7,533,243,15,21,1,-1,-1,-1
137,8,476,194,14,18,1,-1,-1,-1
137,9,600,180,11,14,1,-1,-1,-1
137,10,511,368,19,27,1,-1,-1,-1
138,2,545,153,11,12,1,-1,-1,-1
138,3,566,201,11,17,1,-1,-1,-1
138,5,571,175,13,13,1,-1,-1,-1
138,6,563,128,9,11,1,-1,-1,-1
138,7,534,242,15,21,1,-1,-1,-1
138,8,475,196,14,18,1,-1,-1,-1
138,9,600,181,11,13,1,-1,-1,-1
138,10,511,366,19,27,1,-1,-1,-1
139,2,545,152,11,12,1,-1,-1,-1
139,3,566,201,11,17,1,-1,-1,-1
139,5,571,175,13,13,1,-1,-1,-1
139,6,563,128,9,11,1,-1,-1,-1
139,7,534,241,15,20,1,-1,-1,-1
139,8,475,198,14,18,1,-1,-1,-1
139,9,600,181,11,13,1,-1,-1,-1
139,10,512,365,19,26,1,-1,-1,-1
140,2,545,152,11,12,1,-1,-1,-1
140,3,566,201,11,16,1,-1,-1,-1
140,5,571,175,13,13,1,-1,-1,-1
140,6,563,128,9,11,1,-1,-1,-1
140,7,534,240,15,20,1,-1,-1,-1
140,8,474,200,14,18,1,-1,-1,-1
140,9,600,182,11,13,1,-1,-1,-1
140,10,513,363,19,26,1,-1,-1,-1
141,2,545,152,11,12,1,-1,-1,-1
141,3,566,201,11,16,1,-1,-1,-1
141,5,571,175,12,13,1,-1,-1,-1
141,6,563,128,9,11,1,-1,-1,-1
141,7,535,240,15,20,1,-1,-1,-1
141,8,473,202,15,19,1,-1,-1,-1
141,9,600,183,11,13,1,-1,-1,-1
141,10,513,362,18,26,1,-1,-1,-1
142,2,545,151,11,13,1,-1,-1,-1
142,3,566,200,11,16,1,-1,-1,-1
142,5,571,175,12,13,1,-1,-1,-1
142,6,564,128,10,10,1,-1,-1,-1
142,7,535,239,15,20,1,-1,-1,-1
142,8,473,205,15,19,1,-1,-1,-1
142,9,600,184,11,13,1,-1,-1,-1
142,10,514,360,18,25,1,-1,-1,-1
143,2,545,151,11,13,1,-1,-1,-1
143,3,566,200,11,16,1,-1,-1,-1
143,5,571,175,12,13,1,-1,-1,-1
143,6,564,128,10,10,1,-1,-1,-1
143,7,535,238,15,20,1,-1,-1,-1
143,8,472,207,15,19,1,-1,-1,-1
143,9,600,185,11,13,1,-1,-1,-1
143,10,515,358,17,25,1,-1,-1,-1
144,2,546,151,11,13,1,-1,-1,-1
144,3,566,200,11,16,1,-1,-1,-1
144,5,571,174,12,13,1,-1,-1,-1
144,6,564,128,10,10,1,-1,-1,-1
144,7,536,238,15,20,1,-1,-1,-1
144,8,471,209,15,19,1,-1,-1,-1
144,9,600,186,11,13,1,-1,-1,-1
144,10,515,357,16,25,1,-1,-1,-1
145,2,546,150,11,13,1,-1,-1,-1
145,3,566,200,11,16,1,-1,-1,-1
145,5,571,174,12,13,1,-1,-1,-1
145,6,564,128,10,10,1,-1,-1,-1
145,7,536,237,15,20,1,-1,-1,-1
145,8,470,212,15,19,1,-1,-1,-1
145,9,600,187,11,13,1,-1,-1,-1
145,10,516,355,16,24,1,-1,-1,-1
146,2,546,150,11,13,1,-1,-1,-1
146,3,566,200,10,16,1,-1,-1,-1
146,5,572,174,11,13,1,-1,-1,-1
146,6,564,128,10,10,1,-1,-1,-1
146,7,535,236,15,20,1,-1,-1,-1
146,8,470,214,16,19,1,-1,-1,-1
146,9,600,187,11,14,1,-1,-1,-1
146,10,517,354,16,24,1,-1,-1,-1
147,2,546,150,11,13,1,-1,-1,-1
147,3,566,200,10,16,1,-1,-1,-1
147,5,572,174,11,13,1,-1,-1,-1
147,6,564,129,10,10,1,-1,-1,-1
147,7,535,235,15,20,1,-1,-1,-1
147,8,469,216,16,19,1,-1,-1,-1
147,9,600,188,11,14,1,-1,-1,-1
147,10,517,353,16,24,1,-1,-1,-1
148,2,546,150,11,12,1,-1,-1,-1
148,3,567,199,10,16,1,-1,-1,-1
148,5,572,174,11,13,1,-1,-1,-1
148,6,564,129,9,10,1,-1,-1,-1
148,7,535,234,16,20,1,-1,-1,-1
148,8,468,219,16,19,1,-1,-1,-1
148,9,600,189,11,14,1,-1,-1,-1
148,10,517,351,16,24,1,-1,-1,-1
149,2,547,150,11,12,1,-1,-1,-1
149,3,567,199,10,15,1,-1,-1,-1
149,5,572,174,11,12,1,-1,-1,-1
149,6,564,129,9,10,1,-1,-1,-1
149,7,535,233,16,20,1,-1,-1,-1
149,8,467,221,17,19,1,-1,-1,-1
149,9,600,189,11,14,1,-1,-1,-1
149,10,518,350,17,23,1,-1,-1,-1
150,2,547,150,11,12,1,-1,-1,-1
150,3,567,199,10,16,1,-1,-1,-1
150,5,572,174,11,12,1,-1,-1,-1
150,6,564,129,9,10,1,-1,-1,-1
150,7,535,232,16,20,1,-1,-1,-1
150,8,467,224,16,19,1,-1,-1,-1
150,9,600,190,11,14,1,-1,-1,-1
150,10,518,349,17,23,1,-1,-1,-1
151,2,547,150,11,11,1,-1,-1,-1
151,3,567,199,10,16,1,-1,-1,-1
151,5,572,174,11,12,1,-1,-1,-1
151,6,564,129,9,10,1,-1,-1,-1
151,7,536,232,16,20,1,-1,-1,-1
151,8,466,226,16,19,1,-1,-1,-1
151,9,600,191,11,14,1,-1,-1,-1
151,10,518,348,17,23,1,-1,-1,-1
152,2,547,150,11,11,1,-1,-1,-1
152,3,567,199,10,16,1,-1,-1,-1
152,5,572,174,11,12,1,-1,-1,-1
152,6,564,129,10,10,1,-1,-1,-1
152,7,537,232,15,19,1,-1,-1,-1
152,8,465,229,16,19,1,-1,-1,-1
152,9,600,192,11,14,1,-1,-1,-1
152,10,519,346,17,23,1,-1,-1,-1
153,2,547,150,11,11,1,-1,-1,-1
153,3,567,198,11,16,1,-1,-1,-1
153,5,573,174,11,12,1,-1,-1,-1
153,6,564,129,10,10,1,-1,-1,-1
153,7,537,232,15,19,1,-1,-1,-1
153,8,465,231,16,20,1,-1,-1,-1
153,9,600,192,11,14,1,-1,-1,-1
153,10,519,345,18,23,1,-1,-1,-1
154,2,548,149,11,11,1,-1,-1,-1
154,3,567,198,11,16,1,-1,-1,-1
154,5,573,174,11,12,1,-1,-1,-1
154,6,564,129,10,10,1,-1,-1,-1
154,7,538,231,14,18,1,-1,-1,-1
154,8,464,234,15,20,1,-1,-1,-1
154,9,600,193,11,14,1,-1,-1,-1
154,10,520,343,18,23,1,-1,-1,-1
155,2,548,149,11,11,1,-1,-1,-1
155,3,567,198,11,16,1,-1,-1,-1
155,5,573,173,11,12,1,-1,-1,-1
155,6,564,129,10,11,1,-1,-1,-1
155,7,539,231,14,18,1,-1,-1,-1
155,8,464,236,15,20,1,-1,-1,-1
155,9,600,194,11,14,1,-1,-1,-1
155,10,520,341,18,23,1,-1,-1,-1
156,2,548,149,10,11,1,-1,-1,-1
156,3,567,198,11,16,1,-1,-1,-1
156,5,573,173,11,12,1,-1,-1,-1
156,6,563,129,10,11,1,-1,-1,-1
156,7,539,231,13,17,1,-1,-1,-1
156,8,463,239,15,20,1,-1,-1,-1
156,9,600,195,11,14,1,-1,-1,-1
156,10,520,340,19,23,1,-1,-1,-1
157,2,548,149,11,12,1,-1,-1,-1
157,3,567,198,11,16,1,-1,-1,-1
157,5,573,173,11,12,1,-1,-1,-1
157,6,563,129,10,11,1,-1,-1,-1
157,7,539,230,14,18,1,-1,-1,-1
157,8,462,242,15,20,1,-1,-1,-1
157,9,600,196,11,14,1,-1,-1,-1
157,10,521,338,19,23,1,-1,-1,-1
158,2,548,149,11,12,1,-1,-1,-1
158,3,567,198,11,16,1,-1,-1,-1
158,5,573,173,11,12,1,-1,-1,-1
158,6,563,129,10,11,1,-1,-1,-1
158,7,539,230,14,18,1,-1,-1,-1
158,8,461,244,15,20,1,-1,-1,-1
158,9,600,197,11,14,1,-1,-1,-1
158,10,521,338,18,23,1,-1,-1,-1
159,2,548,149,12,12,1,-1,-1,-1
159,3,568,198,11,16,1,-1,-1,-1
159,5,573,174,11,12,1,-1,-1,-1
159,6,564,130,10,11,1,-1,-1,-1
159,7,539,229,14,18,1,-1,-1,-1
159,8,461,247,15,20,1,-1,-1,-1
159,9,600,198,11,14,1,-1,-1,-1
159,10,522,337,18,23,1,-1,-1,-1
160,2,548,148,12,12,1,-1,-1,-1
160,3,568,198,11,16,1,-1,-1,-1
160,5,573,174,11,12,1,-1,-1,-1
160,6,564,131,10,11,1,-1,-1,-1
160,7,539,229,14,18,1,-1,-1,-1
160,8,460,250,15,20,1,-1,-1,-1
160,9,600,199,11,14,1,-1,-1,-1
160,10,522,336,18,22,1,-1,-1,-1
161,2,548,148,13,12,1,-1,-1,-1
161,3,568,198,11,15,1,-1,-1,-1
161,5,573,175,10,12,1,-1,-1,-1
161,6,564,131,10,10,1,-1,-1,-1
161,7,540,228,15,18,1,-1,-1,-1
161,8,459,252,15,19,1,-1,-1,-1
161,9,600,200,11,14,1,-1,-1,-1
161,10,523,336,17,22,1,-1,-1,-1
162,2,548,148,13,12,1,-1,-1,-1
162,3,568,199,11,15,1,-1,-1,-1
162,5,574,175,10,12,1,-1,-1,-1
162,6,564,132,10,10,1,-1,-1,-1
162,7,540,228,15,18,1,-1,-1,-1
162,8,458,256,15,20,1,-1,-1,-1
162,9,600,201,11,14,1,-1,-1,-1
162,10,523,335,17,22,1,-1,-1,-1
163,2,548,149,13,12,1,-1,-1,-1
163,3,568,199,11,15,1,-1,-1,-1
163,5,574,175,10,12,1,-1,-1,-1
163,6,564,132,10,10,1,-1,-1,-1
163,7,540,228,15,18,1,-1,-1,-1
163,8,457,259,15,20,1,-1,-1,-1
163,9,600,202,11,14,1,-1,-1,-1
163,10,524,334,17,21,1,-1,-1,-1
164,2,548,150,13,12,1,-1,-1,-1
164,3,568,200,11,15,1,-1,-1,-1
164,5,574,176,10,12,1,-1,-1,-1
164,6,564,133,10,10,1,-1,-1,-1
164,7,540,228,15,18,1,-1,-1,-1
164,8,457,262,15,20,1,-1,-1,-1
164,9,600,204,11,14,1,-1,-1,-1
164,10,524,334,16,21,1,-1,-1,-1
165,2,548,150,13,13,1,-1,-1,-1
165,3,569,201,11,15,1,-1,-1,-1
165,5,574,177,10,12,1,-1,-1,-1
165,6,564,134,9,10,1,-1,-1,-1
165,7,540,228,15,18,1,-1,-1,-1
165,8,456,266,15,21,1,-1,-1,-1
165,9,600,206,11,14,1,-1,-1,-1
165,10,525,333,16,21,1,-1,-1,-1
166,2,548,151,13,13,1,-1,-1,-1
166,3,569,202,11,15,1,-1,-1,-1
166,5,574,178,11,12,1,-1,-1,-1
166,6,564,135,9,10,1,-1,-1,-1
166,7,541,228,14,18,1,-1,-1,-1
166,8,455,269,15,21,1,-1,-1,-1
166,9,600,207,11,14,1,-1,-1,-1
166,10,525,333,16,21,1,-1,-1,-1
167,2,548,151,13,13,1,-1,-1,-1
167,3,569,202,11,15,1,-1,-1,-1
167,5,574,179,11,12,1,-1,-1,-1
167,6,565,136,9,11,1,-1,-1,-1
167,7,541,228,14,18,1,-1,-1,-1
167,8,454,272,15,21,1,-1,-1,-1
167,9,601,209,11,14,1,-1,-1,-1
167,10,526,332,16,21,1,-1,-1,-1
168,2,548,152,12,13,1,-1,-1,-1
168,3,569,203,11,15,1,-1,-1,-1
168,5,574,179,11,12,1,-1,-1,-1
168,6,565,137,9,11,1,-1,-1,-1
168,7,541,228,14,18,1,-1,-1,-1
168,8,453,276,16,22,1,-1,-1,-1
168,9,601,211,11,14,1,-1,-1,-1
168,10,527,332,16,21,1,-1,-1,-1
169,2,549,153,12,13,1,-1,-1,-1
169,3,569,203,11,15,1,-1,-1,-1
169,5,574,180,11,12,1,-1,-1,-1
169,6,565,138,9,11,1,-1,-1,-1
169,7,542,228,14,18,1,-1,-1,-1
169,8,452,280,16,22,1,-1,-1,-1
169,9,601,212,11,14,1,-1,-1,-1
169,10,527,331,15,21,1,-1,-1,-1
170,2,549,153,12,13,1,-1,-1,-1
170,3,569,204,11,16,1,-1,-1,-1
170,5,574,181,11,12,1,-1,-1,-1
170,6,565,139,9,10,1,-1,-1,-1
170,7,542,228,14,18,1,-1,-1,-1
170,8,451,283,16,22,1,-1,-1,-1
170,9,601,214,11,14,1,-1,-1,-1
170,10,527,331,16,22,1,-1,-1,-1
171,2,549,154,12,13,1,-1,-1,-1
171,3,569,204,11,16,1,-1,-1,-1
171,5,574,182,11,12,1,-1,-1,-1
171,6,565,140,9,10,1,-1,-1,-1
171,7,542,229,14,18,1,-1,-1,-1
171,8,450,287,16,23,1,-1,-1,-1
171,9,601,216,11,14,1,-1,-1,-1
171,10,527,330,16,22,1,-1,-1,-1
172,2,549,155,11,12,1,-1,-1,-1
172,3,569,205,11,16,1,-1,-1,-1
172,5,574,183,11,12,1,-1,-1,-1
172,6,565,141,9,10,1,-1,-1,-1
172,7,543,229,14,18,1,-1,-1,-1
172,8,449,290,16,23,1,-1,-1,-1
172,9,601,217,11,14,1,-1,-1,-1
172,10,527,329,16,22,1,-1,-1,-1
173,2,549,156,11,12,1,-1,-1,-1
173,3,569,206,11,16,1,-1,-1,-1
173,5,574,184,11,11,1,-1,-1,-1
173,6,565,142,9,9,1,-1,-1,-1
173,7,543,229,14,18,1,-1,-1,-1
173,8,448,294,16,24,1,-1,-1,-1
173,9,601,219,11,14,1,-1,-1,-1
173,10,527,329,16,22,1,-1,-1,-1
174,2,549,156,11,12,1,-1,-1,-1
174,3,569,206,11,16,1,-1,-1,-1
174,5,574,185,11,11,1,-1,-1,-1
174,6,565,143,9,9,1,-1,-1,-1
174,7,543,229,14,18,1,-1,-1,-1
174,8,446,298,16,24,1,-1,-1,-1
174,9,601,220,11,14,1,-1,-1,-1
174,10,527,328,16,23,1,-1,-1,-1
175,2,549,157,11,12,1,-1,-1,-1
175,3,569,207,10,16,1,-1,-1,-1
175,5,574,186,11,11,1,-1,-1,-1
175,6,565,144,9,9,1,-1,-1,-1
175,7,543,230,14,18,1,-1,-1,-1
175,8,446,302,17,24,1,-1,-1,-1
175,9,601,222,11,14,1,-1,-1,-1
175,10,528,327,17,23,1,-1,-1,-1
176,2,549,158,11,12,1,-1,-1,-1
176,3,570,208,10,15,1,-1,-1,-1
176,5,574,187,11,11,1,-1,-1,-1
176,6,565,145,9,9,1,-1,-1,-1
176,7,543,230,13,18,1,-1,-1,-1
176,8,445,306,17,24,1,-1,-1,-1
176,9,601,223,11,14,1,-1,-1,-1
176,10,528,327,17,23,1,-1,-1,-1
177,2,549,158,11,12,1,-1,-1,-1
177,3,570,209,10,15,1,-1,-1,-1
177,5,574,188,11,12,1,-1,-1,-1
177,6,565,146,9,9,1,-1,-1,-1
177,7,544,231,13,17,1,-1,-1,-1
177,8,444,310,17,25,1,-1,-1,-1
177,9,601,225,11,15,1,-1,-1,-1
177,10,529,327,17,23,1,-1,-1,-1
178,2,549,159,11,12,1,-1,-1,-1
178,3,570,210,9,15,1,-1,-1,-1
178,5,574,188,11,12,1,-1,-1,-1
178,6,565,147,9,9,1,-1,-1,-1
178,7,544,231,13,17,1,-1,-1,-1
178,8,443,314,17,25,1,-1,-1,-1
178,9,601,227,11,15,1,-1,-1,-1
178,10,529,327,17,22,1,-1,-1,-1
179,2,549,160,11,12,1,-1,-1,-1
179,3,570,210,10,15,1,-1,-1,-1
179,5,574,189,11,12,1,-1,-1,-1
179,6,565,148,9,9,1,-1,-1,-1
179,7,544,232,13,17,1,-1,-1,-1
179,8,442,318,18,25,1,-1,-1,-1
179,9,601,228,11,15,1,-1,-1,-1
179,10,530,327,17,22,1,-1,-1,-1
180,2,549,160,11,12,1,-1,-1,-1
180,3,570,211,10,15,1,-1,-1,-1
180,5,574,190,11,12,1,-1,-1,-1
180,6,565,149,9,9,1,-1,-1,-1
180,7,544,233,13,16,1,-1,-1,-1
180,8,441,322,18,26,1,-1,-1,-1
180,9,601,230,10,15,1,-1,-1,-1
180,10,530,327,17,22,1,-1,-1,-1
181,2,550,161,11,12,1,-1,-1,-1
181,3,570,212,10,14,1,-1,-1,-1
181,5,575,190,11,13,1,-1,-1,-1
181,6,565,150,9,9,1,-1,-1,-1
181,7,544,233,13,16,1,-1,-1,-1
181,8,439,326,18,26,1,-1,-1,-1
181,9,601,231,10,15,1,-1,-1,-1
181,10,531,326,17,22,1,-1,-1,-1
182,2,550,162,11,12,1,-1,-1,-1
182,3,570,213,10,14,1,-1,-1,-1
182,5,575,191,11,12,1,-1,-1,-1
182,6,565,151,9,9,1,-1,-1,-1
182,7,544,233,13,17,1,-1,-1,-1
182,8,438,330,18,27,1,-1,-1,-1
182,9,601,233,10,15,1,-1,-1,-1
182,10,531,326,16,22,1,-1,-1,-1
183,2,550,162,11,12,1,-1,-1,-1
183,3,570,214,11,14,1,-1,-1,-1
183,5,575,192,11,12,1,-1,-1,-1
183,6,565,152,9,10,1,-1,-1,-1
183,7,544,233,13,17,1,-1,-1,-1
183,8,437,334,18,27,1,-1,-1,-1
183,9,601,235,10,15,1,-1,-1,-1
183,10,532,326,16,22,1,-1,-1,-1
184,2,551,163,12,12,1,-1,-1,-1
184,3,570,215,11,14,1,-1,-1,-1
184,5,575,193,10,12,1,-1,-1,-1
184,6,565,153,9,10,1,-1,-1,-1
184,7,544,234,14,17,1,-1,-1,-1
184,8,436,338,18,27,1,-1,-1,-1
184,9,601,237,10,14,1,-1,-1,-1
184,10,533,326,16,22,1,-1,-1,-1
185,2,551,164,12,13,1,-1,-1,-1
185,3,570,215,11,14,1,-1,-1,-1
185,5,575,194,10,12,1,-1,-1,-1
185,6,565,153,10,10,1,-1,-1,-1
185,7,545,234,14,17,1,-1,-1,-1
185,8,435,342,19,28,1,-1,-1,-1
185,9,601,239,10,14,1,-1,-1,-1
185,10,533,326,15,21,1,-1,-1,-1
186,2,551,165,12,13,1,-1,-1,-1
186,3,570,216,11,14,1,-1,-1,-1
186,5,575,195,10,11,1,-1,-1,-1
186,6,565,154,10,10,1,-1,-1,-1
186,7,545,234,14,17,1,-1,-1,-1
186,8,434,346,19,29,1,-1,-1,-1
186,9,601,241,11,14,1,-1,-1,-1
186,10,534,325,15,21,1,-1,-1,-1
187,2,551,165,12,12,1,-1,-1,-1
187,3,570,217,11,14,1,-1,-1,-1
187,5,575,196,10,11,1,-1,-1,-1
187,6,565,155,10,10,1,-1,-1,-1
187,7,545,234,14,17,1,-1,-1,-1
187,8,432,350,19,30,1,-1,-1,-1
187,9,601,242,11,14,1,-1,-1,-1
187,10,534,325,15,21,1,-1,-1,-1
188,2,552,166,11,12,1,-1,-1,-1
188,3,570,217,10,14,1,-1,-1,-1
188,5,575,196,10,11,1,-1,-1,-1
188,6,565,156,10,10,1,-1,-1,-1
188,7,545,235,14,17,1,-1,-1,-1
188,8,431,353,19,30,1,-1,-1,-1
188,9,601,244,11,14,1,-1,-1,-1
188,10,534,325,15,21,1,-1,-1,-1
189,2,552,167,11,12,1,-1,-1,-1
189,3,570,218,10,15,1,-1,-1,-1
189,5,575,197,11,12,1,-1,-1,-1
189,6,565,157,10,10,1,-1,-1,-1
189,7,545,235,14,17,1,-1,-1,-1
189,8,430,357,20,31,1,-1,-1,-1
189,9,601,245,11,14,1,-1,-1,-1
189,10,535,325,15,20,1,-1,-1,-1
190,2,552,168,11,12,1,-1,-1,-1
190,3,571,218,10,15,1,-1,-1,-1
190,5,575,198,11,12,1,-1,-1,-1
190,6,565,158,9,10,1,-1,-1,-1
190,7,545,235,14,17,1,-1,-1,-1
190,8,429,361,20,32,1,-1,-1,-1
190,9,601,247,11,14,1,-1,-1,-1
190,10,535,325,15,20,1,-1,-1,-1
191,2,552,168,11,12,1,-1,-1,-1
191,3,571,219,10,15,1,-1,-1,-1
191,5,575,198,11,12,1,-1,-1,-1
191,6,565,159,9,10,1,-1,-1,-1
191,7,545,235,14,17,1,-1,-1,-1
191,8,428,365,20,33,1,-1,-1,-1
191,9,602,248,11,14,1,-1,-1,-1
191,10,535,325,15,20,1,-1,-1,-1
192,2,552,169,11,12,1,-1,-1,-1
192,3,571,220,10,15,1,-1,-1,-1
192,5,575,199,11,13,1,-1,-1,-1
192,6,565,160,9,10,1,-1,-1,-1
192,7,546,236,13,17,1,-1,-1,-1
192,8,426,370,20,33,1,-1,-1,-1
192,9,602,250,11,15,1,-1,-1,-1
192,10,535,325,15,19,1,-1,-1,-1
193,2,552,170,11,12,1,-1,-1,-1
193,3,571,221,10,15,1,-1,-1,-1
193,5,574,199,11,13,1,-1,-1,-1
193,6,565,161,9,10,1,-1,-1,-1
193,7,546,236,13,17,1,-1,-1,-1
193,8,425,375,21,33,1,-1,-1,-1
193,9,602,251,11,15,1,-1,-1,-1
193,10,535,325,15,19,1,-1,-1,-1
194,2,552,171,11,12,1,-1,-1,-1
194,3,571,222,10,14,1,-1,-1,-1
194,5,575,201,11,13,1,-1,-1,-1
194,6,565,162,9,10,1,-1,-1,-1
194,7,546,237,13,16,1,-1,-1,-1
194,8,423,380,21,33,1,-1,-1,-1
194,9,602,253,11,15,1,-1,-1,-1
194,10,536,325,15,19,1,-1,-1,-1
195,2,552,171,11,12,1,-1,-1,-1
195,3,571,223,10,14,1,-1,-1,-1
195,5,575,202,12,13,1,-1,-1,-1
195,6,565,163,9,10,1,-1,-1,-1
195,7,546,237,13,16,1,-1,-1,-1
195,8,422,385,21,33,1,-1,-1,-1
195,9,602,255,11,15,1,-1,-1,-1
195,10,536,325,15,19,1,-1,-1,-1
196,2,552,172,11,12,1,-1,-1,-1
196,3,571,223,10,14,1,-1,-1,-1
196,5,575,203,12,12,1,-1,-1,-1
196,6,565,164,10,10,1,-1,-1,-1
196,7,546,238,13,16,1,-1,-1,-1
196,8,421,390,21,33,1,-1,-1,-1
196,9,601,256,12,15,1,-1,-1,-1
196,10,537,325,14,19,1,-1,-1,-1
197,2,552,173,11,12,1,-1,-1,-1
197,3,572,224,10,14,1,-1,-1,-1
197,5,575,204,12,12,1,-1,-1,-1
197,6,565,165,10,10,1,-1,-1,-1
197,7,546,238,13,16,1,-1,-1,-1
197,8,419,395,21,33,1,-1,-1,-1
197,9,601,258,12,15,1,-1,-1,-1
197,10,538,325,14,19,1,-1,-1,-1
198,2,552,174,12,12,1,-1,-1,-1
198,3,572,225,10,14,1,-1,-1,-1
198,5,575,205,12,12,1,-1,-1,-1
198,6,565,166,10,10,1,-1,-1,-1
198,7,547,239,13,15,1,-1,-1,-1
198,8,418,400,21,33,1,-1,-1,-1
198,9,601,259,12,15,1,-1,-1,-1
198,10,538,324,14,19,1,-1,-1,-1
199,2,552,175,11,12,1,-1,-1,-1
199,3,572,226,10,14,1,-1,-1,-1
199,5,575,206,12,12,1,-1,-1,-1
199,6,565,167,10,10,1,-1,-1,-1
199,7,547,240,13,15,1,-1,-1,-1
199,8,416,405,22,33,1,-1,-1,-1
199,9,601,261,12,15,1,-1,-1,-1
199,10,539,324,14,19,1,-1,-1,-1
200,2,552,176,11,12,1,-1,-1,-1
200,3,572,227,10,14,1,-1,-1,-1
200,5,575,207,12,12,1,-1,-1,-1
200,6,565,168,10,10,1,-1,-1,-1
200,7,547,240,14,15,1,-1,-1,-1
200,8,415,410,22,33,1,-1,-1,-1
200,9,601,263,12,15,1,-1,-1,-1
200,10,539,324,14,19,1,-1,-1,-1
201,2,552,177,11,12,1,-1,-1,-1
201,3,572,228,10,13,1,-1,-1,-1
201,5,575,208,12,11,1,-1,-1,-1
201,6,565,169,10,10,1,-1,-1,-1
201,7,547,241,14,15,1,-1,-1,-1
201,8,414,415,22,34,1,-1,-1,-1
201,9,601,264,12,15,1,-1,-1,-1
201,10,539,324,14,19,1,-1,-1,-1
202,2,552,178,11,12,1,-1,-1,-1
202,3,573,229,10,13,1,-1,-1,-1
202,5,575,209,11,11,1,-1,-1,-1
202,6,565,170,10,10,1,-1,-1,-1
202,7,547,242,14,15,1,-1,-1,-1
202,8,412,421,22,34,1,-1,-1,-1
202,9,601,266,12,15,1,-1,-1,-1
202,10,540,324,14,19,1,-1,-1,-1
203,2,552,179,11,11,1,-1,-1,-1
203,3,573,229,10,14,1,-1,-1,-1
203,5,575,210,11,11,1,-1,-1,-1
203,6,565,171,10,10,1,-1,-1,-1
203,7,547,242,15,15,1,-1,-1,-1
203,8,411,426,22,34,1,-1,-1,-1
203,9,602,268,11,15,1,-1,-1,-1
203,10,540,324,13,19,1,-1,-1,-1
204,2,552,180,11,11,1,-1,-1,-1
204,3,573,230,10,14,1,-1,-1,-1
204,5,575,211,11,11,1,-1,-1,-1
204,6,565,173,10,10,1,-1,-1,-1
204,7,547,243,15,15,1,-1,-1,-1
204,8,409,431,22,34,1,-1,-1,-1
204,9,602,270,11,15,1,-1,-1,-1
204,10,540,324,13,19,1,-1,-1,-1
205,2,553,180,11,11,1,-1,-1,-1
205,3,573,231,10,14,1,-1,-1,-1
205,5,575,212,11,10,1,-1,-1,-1
205,6,565,174,10,10,1,-1,-1,-1
205,7,547,243,14,15,1,-1,-1,-1
205,8,408,436,22,35,1,-1,-1,-1
205,9,602,271,11,15,1,-1,-1,-1
205,10,540,324,13,19,1,-1,-1,-1
206,2,553,181,11,11,1,-1,-1,-1
206,3,573,232,10,14,1,-1,-1,-1
206,5,575,212,11,11,1,-1,-1,-1
206,6,565,175,10,10,1,-1,-1,-1
206,7,548,244,14,15,1,-1,-1,-1
206,8,406,441,22,35,1,-1,-1,-1
206,9,602,273,11,15,1,-1,-1,-1
206,10,541,324,14,19,1,-1,-1,-1
207,2,553,182,11,12,1,-1,-1,-1
207,3,573,232,10,15,1,-1,-1,-1
207,5,575,213,11,11,1,-1,-1,-1
207,6,565,175,10,10,1,-1,-1,-1
207,7,548,244,14,15,1,-1,-1,-1
207,8,404,447,22,36,1,-1,-1,-1
207,9,602,274,11,15,1,-1,-1,-1
207,10,541,324,14,18,1,-1,-1,-1
208,2,553,182,11,12,1,-1,-1,-1
208,3,574,233,10,15,1,-1,-1,-1
208,5,575,214,11,11,1,-1,-1,-1
208,6,566,176,10,10,1,-1,-1,-1
208,7,548,244,13,15,1,-1,-1,-1
208,8,403,452,22,36,1,-1,-1,-1
208,9,602,276,11,15,1,-1,-1,-1
208,10,542,324,14,18,1,-1,-1,-1
209,2,554,183,10,12,1,-1,-1,-1
209,3,574,234,10,15,1,-1,-1,-1
209,5,575,215,11,12,1,-1,-1,-1
209,6,566,177,10,10,1,-1,-1,-1
209,7,549,244,13,15,1,-1,-1,-1
209,8,401,457,22,37,1,-1,-1,-1
209,9,602,278,11,15,1,-1,-1,-1
209,10,542,324,14,18,1,-1,-1,-1
210,2,554,184,10,12,1,-1,-1,-1
210,3,574,235,10,14,1,-1,-1,-1
210,5,575,216,10,12,1,-1,-1,-1
210,6,566,178,10,10,1,-1,-1,-1
210,7,549,245,12,15,1,-1,-1,-1
210,8,400,463,23,37,1,-1,-1,-1
210,9,602,279,11,15,1,-1,-1,-1
210,10,542,324,14,18,1,-1,-1,-1
211,2,554,185,10,11,1,-1,-1,-1
211,3,574,235,10,14,1,-1,-1,-1
211,5,575,216,10,12,1,-1,-1,-1
211,6,566,179,10,10,1,-1,-1,-1
211,7,549,245,12,15,1,-1,-1,-1
211,8,398,469,23,38,1,-1,-1,-1
211,9,602,281,11,15,1,-1,-1,-1
211,10,543,324,14,18,1,-1,-1,-1
212,2,554,186,10,11,1,-1,-1,-1
212,3,574,236,10,14,1,-1,-1,-1
212,5,576,217,10,12,1,-1,-1,-1
212,6,566,180,10,10,1,-1,-1,-1
212,7,549,246,13,15,1,-1,-1,-1
212,8,396,474,24,38,1,-1,-1,-1
212,9,602,283,11,15,1,-1,-1,-1
212,10,543,324,14,18,1,-1,-1,-1
213,2,554,187,10,11,1,-1,-1,-1
213,3,574,237,10,14,1,-1,-1,-1
213,5,576,218,11,12,1,-1,-1,-1
213,6,566,181,10,10,1,-1,-1,-1
213,7,549,246,13,16,1,-1,-1,-1
213,8,394,480,24,38,1,-1,-1,-1
213,9,602,284,12,15,1,-1,-1,-1
213,10,543,324,14,18,1,-1,-1,-1
214,2,554,188,10,10,1,-1,-1,-1
214,3,573,238,11,13,1,-1,-1,-1
214,5,576,219,11,11,1,-1,-1,-1
214,6,566,181,10,10,1,-1,-1,-1
214,7,549,247,13,16,1,-1,-1,-1
214,8,392,486,24,39,1,-1,-1,-1
214,9,602,285,12,15,1,-1,-1,-1
214,10,543,324,14,18,1,-1,-1,-1
215,2,554,189,10,10,1,-1,-1,-1
215,3,574,239,10,13,1,-1,-1,-1
215,5,576,220,11,11,1,-1,-1,-1
215,6,566,182,10,10,1,-1,-1,-1
215,7,549,247,13,16,1,-1,-1,-1
215,8,391,491,25,39,1,-1,-1,-1
215,9,602,287,13,16,1,-1,-1,-1
215,10,544,323,14,18,1,-1,-1,-1
216,2,554,190,10,10,1,-1,-1,-1
216,3,574,239,10,13,1,-1,-1,-1
216,5,576,221,11,10,1,-1,-1,-1
216,6,566,183,10,10,1,-1,-1,-1
216,7,549,248,13,16,1,-1,-1,-1
216,8,388,497,27,42,1,-1,-1,-1
216,9,602,288,13,16,1,-1,-1,-1
216,10,544,323,14,18,1,-1,-1,-1
217,2,554,190,10,10,1,-1,-1,-1
217,3,574,240,10,13,1,-1,-1,-1
217,5,576,222,11,10,1,-1,-1,-1
217,6,566,184,10,10,1,-1,-1,-1
217,7,549,248,13,16,1,-1,-1,-1
217,8,386,503,26,36,1,-1,-1,-1
217,9,602,290,13,16,1,-1,-1,-1
217,10,544,323,14,18,1,-1,-1,-1
218,2,554,191,10,10,1,-1,-1,-1
218,3,574,241,10,13,1,-1,-1,-1
218,5,576,223,11,10,1,-1,-1,-1
218,6,566,185,9,10,1,-1,-1,-1
218,7,549,248,13,16,1,-1,-1,-1
218,8,385,509,26,30,1,-1,-1,-1
218,9,602,291,13,16,1,-1,-1,-1
218,10,544,323,14,18,1,-1,-1,-1
219,2,555,191,10,10,1,-1,-1,-1
219,3,575,241,10,13,1,-1,-1,-1
219,5,576,224,11,10,1,-1,-1,-1
219,6,566,186,9,10,1,-1,-1,-1
219,7,549,248,13,16,1,-1,-1,-1
219,8,385,516,24,23,1,-1,-1,-1
219,9,602,293,13,16,1,-1,-1,-1
219,10,545,323,14,18,1,-1,-1,-1
220,2,555,192,10,10,1,-1,-1,-1
220,3,575,242,9,13,1,-1,-1,-1
220,5,576,224,11,10,1,-1,-1,-1
220,6,566,187,9,9,1,-1,-1,-1
220,7,550,249,13,16,1,-1,-1,-1
220,9,603,294,12,16,1,-1,-1,-1
220,10,545,323,13,18,1,-1,-1,-1
221,2,555,192,10,11,1,-1,-1,-1
221,3,575,243,9,13,1,-1,-1,-1
221,5,576,225,11,10,1,-1,-1,-1
221,6,567,188,9,9,1,-1,-1,-1
221,7,550,249,12,16,1,-1,-1,-1
221,9,603,296,12,15,1,-1,-1,-1
221,10,546,322,13,18,1,-1,-1,-1
222,2,555,193,10,11,1,-1,-1,-1
222,3,575,243,9,13,1,-1,-1,-1
222,5,576,226,11,10,1,-1,-1,-1
222,6,567,189,9,9,1,-1,-1,-1
222,7,550,249,12,16,1,-1,-1,-1
222,9,603,297,12,15,1,-1,-1,-1
222,10,546,322,13,18,1,-1,-1,-1
223,2,555,193,10,11,1,-1,-1,-1
223,3,575,244,9,13,1,-1,-1,-1
223,5,576,226,11,10,1,-1,-1,-1
223,6,567,189,8,9,1,-1,-1,-1
223,7,550,250,12,16,1,-1,-1,-1
223,9,603,299,11,15,1,-1,-1,-1
223,10,547,322,13,18,1,-1,-1,-1
224,2,555,194,10,11,1,-1,-1,-1
224,3,575,245,9,13,1,-1,-1,-1
224,5,576,227,11,10,1,-1,-1,-1
224,6,567,190,9,9,1,-1,-1,-1
224,7,550,250,13,16,1,-1,-1,-1
224,9,603,300,11,15,1,-1,-1,-1
224,10,547,322,13,18,1,-1,-1,-1
225,2,555,194,10,11,1,-1,-1,-1
225,3,576,245,9,13,1,-1,-1,-1
225,5,576,227,11,10,1,-1,-1,-1
225,6,567,191,9,9,1,-1,-1,-1
225,7,550,250,13,16,1,-1,-1,-1
225,9,603,301,12,15,1,-1,-1,-1
225,10,547,322,13,18,1,-1,-1,-1
226,2,555,195,10,11,1,-1,-1,-1
226,3,576,246,9,13,1,-1,-1,-1
226,5,576,228,11,10,1,-1,-1,-1
226,6,567,192,9,10,1,-1,-1,-1
226,7,550,251,13,16,1,-1,-1,-1
226,9,604,303,12,15,1,-1,-1,-1
226,10,547,322,13,17,1,-1,-1,-1
227,2,556,195,10,11,1,-1,-1,-1
227,3,576,246,9,13,1,-1,-1,-1
227,5,576,229,10,10,1,-1,-1,-1
227,6,567,192,9,10,1,-1,-1,-1
227,7,551,251,13,16,1,-1,-1,-1
227,9,604,304,12,15,1,-1,-1,-1
227,10,547,322,13,17,1,-1,-1,-1
228,2,556,196,10,11,1,-1,-1,-1
228,3,576,247,9,13,1,-1,-1,-1
228,5,577,229,10,10,1,-1,-1,-1
228,6,567,193,10,10,1,-1,-1,-1
228,7,551,252,14,16,1,-1,-1,-1
228,9,604,305,12,15,1,-1,-1,-1
228,10,548,322,13,17,1,-1,-1,-1
229,2,556,197,9,10,1,-1,-1,-1
229,3,576,247,9,13,1,-1,-1,-1
229,5,577,230,10,10,1,-1,-1,-1
229,6,567,194,10,10,1,-1,-1,-1
229,7,551,252,13,16,1,-1,-1,-1
229,9,604,306,12,15,1,-1,-1,-1
229,10,548,322,12,17,1,-1,-1,-1
230,2,556,197,9,10,1,-1,-1,-1
230,3,576,248,9,14,1,-1,-1,-1
230,5,577,230,10,11,1,-1,-1,-1
230,6,567,195,9,10,1,-1,-1,-1
230,7,551,253,13,15,1,-1,-1,-1
230,9,604,308,12,15,1,-1,-1,-1
230,10,548,322,13,17,1,-1,-1,-1
231,2,556,198,9,10,1,-1,-1,-1
231,3,576,249,9,14,1,-1,-1,-1
231,5,577,231,10,11,1,-1,-1,-1
231,6,567,195,9,10,1,-1,-1,-1
231,7,551,253,13,15,1,-1,-1,-1
231,9,604,309,12,15,1,-1,-1,-1
231,10,548,322,13,17,1,-1,-1,-1
232,2,556,198,9,10,1,-1,-1,-1
232,3,576,249,9,14,1,-1,-1,-1
232,5,577,232,10,11,1,-1,-1,-1
232,6,567,196,9,10,1,-1,-1,-1
232,7,552,254,13,14,1,-1,-1,-1
232,9,604,311,12,16,1,-1,-1,-1
232,10,548,322,13,17,1,-1,-1,-1
233,2,556,199,9,10,1,-1,-1,-1
233,3,576,250,9,14,1,-1,-1,-1
233,5,577,232,11,11,1,-1,-1,-1
233,6,568,197,9,10,1,-1,-1,-1
233,7,552,255,12,13,1,-1,-1,-1
233,9,604,312,12,16,1,-1,-1,-1
233,10,549,322,13,17,1,-1,-1,-1
234,2,556,200,9,10,1,-1,-1,-1
234,3,576,251,9,13,1,-1,-1,-1
234,5,577,233,11,12,1,-1,-1,-1
234,6,568,198,9,10,1,-1,-1,-1
234,7,552,255,12,13,1,-1,-1,-1
234,9,604,314,12,16,1,-1,-1,-1
234,10,549,322,13,17,1,-1,-1,-1
235,2,556,200,9,10,1,-1,-1,-1
235,3,576,252,9,13,1,-1,-1,-1
235,5,577,233,11,12,1,-1,-1,-1
235,6,568,198,8,9,1,-1,-1,-1
235,7,552,255,12,13,1,-1,-1,-1
235,9,604,316,12,17,1,-1,-1,-1
235,10,549,322,13,17,1,-1,-1,-1
236,2,556,201,9,10,1,-1,-1,-1
236,3,576,252,10,13,1,-1,-1,-1
236,5,577,234,10,12,1,-1,-1,-1
236,6,568,199,8,9,1,-1,-1,-1
236,7,552,255,12,14,1,-1,-1,-1
236,9,604,317,12,17,1,-1,-1,-1
236,10,549,322,13,16,1,-1,-1,-1
237,2,556,202,9,10,1,-1,-1,-1
237,3,576,253,10,13,1,-1,-1,-1
237,5,577,235,10,11,1,-1,-1,-1
237,6,568,200,8,9,1,-1,-1,-1
237,7,552,255,12,14,1,-1,-1,-1
237,9,604,319,12,17,1,-1,-1,-1
237,10,549,322,13,16,1,-1,-1,-1
238,2,556,203,9,10,1,-1,-1,-1
238,3,576,254,10,13,1,-1,-1,-1
238,5,578,236,10,11,1,-1,-1,-1
238,6,568,201,8,9,1,-1,-1,-1
238,7,553,255,12,15,1,-1,-1,-1
238,9,604,320,12,17,1,-1,-1,-1
238,10,549,321,13,16,1,-1,-1,-1
239,2,556,204,9,9,1,-1,-1,-1
239,3,576,254,10,13,1,-1,-1,-1
239,5,578,237,10,10,1,-1,-1,-1
239,6,568,201,8,9,1,-1,-1,-1
239,7,553,255,12,15,1,-1,-1,-1
239,9,605,322,12,17,1,-1,-1,-1
239,10,550,321,13,16,1,-1,-1,-1
240,2,557,204,9,9,1,-1,-1,-1
240,3,577,255,9,13,1,-1,-1,-1
240,5,578,239,9,10,1,-1,-1,-1
240,6,568,202,8,9,1,-1,-1,-1
240,7,553,255,12,16,1,-1,-1,-1
240,9,605,323,12,17,1,-1,-1,-1
240,10,550,321,13,16,1,-1,-1,-1
241,2,557,205,9,9,1,-1,-1,-1
241,3,577,256,9,13,1,-1,-1,-1
241,5,579,240,9,10,1,-1,-1,-1
241,6,568,203,8,9,1,-1,-1,-1
241,7,553,256,12,15,1,-1,-1,-1
241,9,605,325,12,17,1,-1,-1,-1
241,10,550,321,13,16,1,-1,-1,-1
242,2,557,205,9,10,1,-1,-1,-1
242,3,577,256,9,13,1,-1,-1,-1
242,5,579,240,9,10,1,-1,-1,-1
242,6,568,204,8,10,1,-1,-1,-1
242,7,553,256,12,15,1,-1,-1,-1
242,9,605,326,13,17,1,-1,-1,-1
242,10,551,321,13,16,1,-1,-1,-1
243,2,557,206,9,10,1,-1,-1,-1
243,3,577,257,9,13,1,-1,-1,-1
243,5,578,240,9,10,1,-1,-1,-1
243,6,568,204,9,10,1,-1,-1,-1
243,7,553,257,11,15,1,-1,-1,-1
243,9,605,328,13,16,1,-1,-1,-1
243,10,551,321,13,16,1,-1,-1,-1
244,2,557,207,9,10,1,-1,-1,-1
244,3,578,257,9,13,1,-1,-1,-1
244,5,578,241,10,10,1,-1,-1,-1
244,6,568,205,9,10,1,-1,-1,-1
244,7,553,258,11,15,1,-1,-1,-1
244,9,605,329,13,16,1,-1,-1,-1
244,10,551,321,13,16,1,-1,-1,-1
245,2,557,207,9,10,1,-1,-1,-1
245,3,578,258,9,13,1,-1,-1,-1
245,5,578,241,10,10,1,-1,-1,-1
245,6,568,205,9,10,1,-1,-1,-1
245,7,553,258,11,14,1,-1,-1,-1
245,9,605,331,13,16,1,-1,-1,-1
245,10,552,321,13,16,1,-1,-1,-1
246,2,557,208,9,10,1,-1,-1,-1
246,3,578,258,9,12,1,-1,-1,-1
246,5,578,242,10,10,1,-1,-1,-1
246,6,568,206,9,10,1,-1,-1,-1
246,7,553,259,11,14,1,-1,-1,-1
246,9,605,332,13,16,1,-1,-1,-1
246,10,552,321,13,16,1,-1,-1,-1
247,2,557,208,9,10,1,-1,-1,-1
247,3,578,259,9,12,1,-1,-1,-1
247,5,578,242,10,10,1,-1,-1,-1
247,6,568,207,9,10,1,-1,-1,-1
247,7,554,259,11,14,1,-1,-1,-1
247,9,605,333,13,16,1,-1,-1,-1
247,10,552,322,13,15,1,-1,-1,-1
248,2,557,209,9,10,1,-1,-1,-1
248,3,578,260,9,12,1,-1,-1,-1
248,5,578,243,10,10,1,-1,-1,-1
248,6,568,207,9,10,1,-1,-1,-1
248,7,554,260,11,14,1,-1,-1,-1
248,9,606,335,13,16,1,-1,-1,-1
248,10,552,321,13,16,1,-1,-1,-1
249,2,558,209,9,10,1,-1,-1,-1
249,3,578,260,9,12,1,-1,-1,-1
249,5,579,243,10,10,1,-1,-1,-1
249,6,568,208,9,10,1,-1,-1,-1
249,7,554,260,11,14,1,-1,-1,-1
249,9,606,336,13,16,1,-1,-1,-1
249,10,553,320,13,16,1,-1,-1,-1
250,2,558,209,9,10,1,-1,-1,-1
250,3,578,261,9,12,1,-1,-1,-1
250,5,579,244,10,10,1,-1,-1,-1
250,6,568,209,8,10,1,-1,-1,-1
250,7,554,260,11,14,1,-1,-1,-1
250,9,606,337,13,16,1,-1,-1,-1
250,10,553,320,13,16,1,-1,-1,-1
251,2,558,210,9,10,1,-1,-1,-1
251,3,578,261,9,12,1,-1,-1,-1
251,5,579,244,10,10,1,-1,-1,-1
251,6,569,209,8,10,1,-1,-1,-1
251,7,554,261,11,14,1,-1,-1,-1
251,9,606,338,13,16,1,-1,-1,-1
251,10,553,319,13,16,1,-1,-1,-1
252,2,558,210,9,10,1,-1,-1,-1
252,3,578,261,9,12,1,-1,-1,-1
252,5,579,245,10,10,1,-1,-1,-1
252,6,569,210,8,10,1,-1,-1,-1
252,7,555,261,11,13,1,-1,-1,-1
252,9,606,339,12,16,1,-1,-1,-1
252,10,553,319,13,16,1,-1,-1,-1
253,2,558,210,9,10,1,-1,-1,-1
253,3,578,261,9,12,1,-1,-1,-1
253,5,579,245,10,10,1,-1,-1,-1
253,6,569,211,7,9,1,-1,-1,-1
253,7,555,261,11,13,1,-1,-1,-1
253,9,606,340,12,16,1,-1,-1,-1
253,10,553,318,13,16,1,-1,-1,-1
254,2,558,210,8,9,1,-1,-1,-1
254,3,578,261,9,12,1,-1,-1,-1
254,5,579,245,10,10,1,-1,-1,-1
254,6,569,210,8,9,1,-1,-1,-1
254,7,555,261,11,13,1,-1,-1,-1
254,9,606,341,12,16,1,-1,-1,-1
254,10,553,318,13,16,1,-1,-1,-1
255,2,558,210,8,9,1,-1,-1,-1
255,3,578,261,9,12,1,-1,-1,-1
255,5,579,245,10,10,1,-1,-1,-1
255,6,569,210,8,9,1,-1,-1,-1
255,7,555,260,11,13,1,-1,-1,-1
255,9,606,341,12,16,1,-1,-1,-1
255,10,554,318,13,16,1,-1,-1,-1
256,2,559,210,8,9,1,-1,-1,-1
256,3,578,261,9,13,1,-1,-1,-1
256,5,579,245,10,10,1,-1,-1,-1
256,6,569,210,8,10,1,-1,-1,-1
256,7,555,260,12,13,1,-1,-1,-1
256,9,606,342,12,16,1,-1,-1,-1
256,10,554,317,12,15,1,-1,-1,-1
257,2,559,210,8,9,1,-1,-1,-1
257,3,578,260,9,13,1,-1,-1,-1
257,5,579,245,10,10,1,-1,-1,-1
257,6,569,210,8,10,1,-1,-1,-1
257,7,555,260,12,13,1,-1,-1,-1
257,9,606,343,12,16,1,-1,-1,-1
257,10,555,317,12,15,1,-1,-1,-1
258,2,559,210,8,9,1,-1,-1,-1
258,3,578,260,9,13,1,-1,-1,-1
258,5,579,244,10,11,1,-1,-1,-1
258,6,569,210,8,10,1,-1,-1,-1
258,7,555,259,12,13,1,-1,-1,-1
258,9,606,343,13,16,1,-1,-1,-1
258,10,556,316,12,14,1,-1,-1,-1
259,2,559,210,8,9,1,-1,-1,-1
259,3,579,259,9,12,1,-1,-1,-1
259,5,579,244,10,11,1,-1,-1,-1
259,6,569,210,8,10,1,-1,-1,-1
259,7,555,258,12,13,1,-1,-1,-1
259,9,606,344,13,16,1,-1,-1,-1
259,10,556,316,11,14,1,-1,-1,-1
260,2,559,209,8,9,1,-1,-1,-1
260,3,579,259,9,12,1,-1,-1,-1
260,5,579,244,10,11,1,-1,-1,-1
260,6,569,209,8,9,1,-1,-1,-1
260,7,555,257,12,13,1,-1,-1,-1
260,9,607,344,13,16,1,-1,-1,-1
260,10,556,315,11,14,1,-1,-1,-1
261,2,559,208,8,9,1,-1,-1,-1
261,3,579,258,9,12,1,-1,-1,-1
261,5,579,243,10,10,1,-1,-1,-1
261,6,570,209,8,9,1,-1,-1,-1
261,7,555,256,12,13,1,-1,-1,-1
261,9,607,344,13,16,1,-1,-1,-1
261,10,557,314,11,14,1,-1,-1,-1
262,2,559,208,8,9,1,-1,-1,-1
262,3,579,258,8,12,1,-1,-1,-1
262,5,579,243,10,10,1,-1,-1,-1
262,6,570,209,8,9,1,-1,-1,-1
262,7,556,256,11,13,1,-1,-1,-1
262,9,607,344,13,16,1,-1,-1,-1
262,10,557,313,11,14,1,-1,-1,-1
263,2,559,207,8,10,1,-1,-1,-1
263,3,579,257,9,12,1,-1,-1,-1
263,5,580,243,10,10,1,-1,-1,-1
263,6,570,208,8,9,1,-1,-1,-1
263,7,556,255,11,13,1,-1,-1,-1
263,9,607,345,13,16,1,-1,-1,-1
263,10,557,311,11,13,1,-1,-1,-1
264,2,559,206,8,10,1,-1,-1,-1
264,3,579,257,9,12,1,-1,-1,-1
264,5,580,242,10,10,1,-1,-1,-1
264,6,570,208,8,8,1,-1,-1,-1
264,7,556,254,11,13,1,-1,-1,-1
264,9,607,345,13,16,1,-1,-1,-1
264,10,557,310,11,13,1,-1,-1,-1
265,2,559,206,8,10,1,-1,-1,-1
265,3,579,256,9,12,1,-1,-1,-1
265,5,580,242,10,10,1,-1,-1,-1
265,6,570,208,8,8,1,-1,-1,-1
265,7,556,253,11,13,1,-1,-1,-1
265,9,607,345,13,16,1,-1,-1,-1
265,10,557,309,11,13,1,-1,-1,-1
266,2,559,206,8,10,1,-1,-1,-1
266,3,579,256,9,12,1,-1,-1,-1
266,5,580,241,10,10,1,-1,-1,-1
266,6,570,208,8,8,1,-1,-1,-1
266,7,556,252,11,13,1,-1,-1,-1
266,9,607,345,13,16,1,-1,-1,-1
266,10,557,308,12,14,1,-1,-1,-1
267,2,560,205,8,10,1,-1,-1,-1
267,3,579,256,9,12,1,-1,-1,-1
267,5,580,241,10,10,1,-1,-1,-1
267,6,570,207,8,8,1,-1,-1,-1
267,7,557,252,11,13,1,-1,-1,-1
267,9,607,346,14,16,1,-1,-1,-1
267,10,557,307,12,14,1,-1,-1,-1
268,2,560,205,9,9,1,-1,-1,-1
268,3,579,255,9,12,1,-1,-1,-1
268,5,580,240,10,10,1,-1,-1,-1
268,6,571,207,8,8,1,-1,-1,-1
268,7,557,251,11,13,1,-1,-1,-1
268,9,607,346,14,16,1,-1,-1,-1
268,10,558,306,12,14,1,-1,-1,-1
269,2,560,205,9,9,1,-1,-1,-1
269,3,579,254,9,12,1,-1,-1,-1
269,5,580,240,10,10,1,-1,-1,-1
269,6,571,207,8,8,1,-1,-1,-1
269,7,557,250,11,13,1,-1,-1,-1
269,9,607,346,14,17,1,-1,-1,-1
269,10,558,304,13,15,1,-1,-1,-1
270,2,560,204,9,9,1,-1,-1,-1
270,3,579,254,9,12,1,-1,-1,-1
270,5,580,239,10,10,1,-1,-1,-1
270,6,571,206,8,8,1,-1,-1,-1
270,7,557,250,11,13,1,-1,-1,-1
270,9,607,346,14,17,1,-1,-1,-1
270,10,558,303,13,15,1,-1,-1,-1
271,2,560,204,9,9,1,-1,-1,-1
271,3,579,253,9,12,1,-1,-1,-1
271,5,580,239,10,10,1,-1,-1,-1
271,6,571,206,8,8,1,-1,-1,-1
271,7,558,249,10,13,1,-1,-1,-1
271,9,607,346,15,17,1,-1,-1,-1
271,10,558,302,13,16,1,-1,-1,-1
272,2,560,203,8,9,1,-1,-1,-1
272,3,579,253,9,12,1,-1,-1,-1
272,5,580,238,10,10,1,-1,-1,-1
272,6,571,205,8,8,1,-1,-1,-1
272,7,558,249,10,13,1,-1,-1,-1
272,9,607,346,15,17,1,-1,-1,-1
272,10,558,301,13,15,1,-1,-1,-1
273,2,561,203,8,9,1,-1,-1,-1
273,3,580,252,9,13,1,-1,-1,-1
273,5,581,238,10,10,1,-1,-1,-1
273,6,571,205,8,9,1,-1,-1,-1
273,7,558,248,10,13,1,-1,-1,-1
273,9,608,347,14,17,1,-1,-1,-1
273,10,559,300,13,15,1,-1,-1,-1
274,2,561,202,8,9,1,-1,-1,-1
274,3,580,251,9,13,1,-1,-1,-1
274,5,581,237,10,10,1,-1,-1,-1
274,6,571,204,8,9,1,-1,-1,-1
274,7,558,248,10,13,1,-1,-1,-1
274,9,608,347,14,17,1,-1,-1,-1
274,10,559,300,13,14,1,-1,-1,-1
275,2,561,202,8,9,1,-1,-1,-1
275,3,580,251,9,13,1,-1,-1,-1
275,5,581,237,10,10,1,-1,-1,-1
275,6,571,204,8,9,1,-1,-1,-1
275,7,558,247,10,13,1,-1,-1,-1
275,9,608,347,14,17,1,-1,-1,-1
275,10,559,299,12,14,1,-1,-1,-1
276,2,561,201,7,9,1,-1,-1,-1
276,3,580,250,9,13,1,-1,-1,-1
276,5,581,236,10,10,1,-1,-1,-1
276,6,571,203,8,9,1,-1,-1,-1
276,7,558,246,10,12,1,-1,-1,-1
276,9,608,347,14,18,1,-1,-1,-1
276,10,559,298,12,13,1,-1,-1,-1
277,2,561,201,7,9,1,-1,-1,-1
277,3,580,250,9,12,1,-1,-1,-1
277,5,581,236,10,10,1,-1,-1,-1
277,6,571,203,8,9,1,-1,-1,-1
277,7,558,246,10,12,1,-1,-1,-1
277,9,608,347,14,18,1,-1,-1,-1
277,10,560,297,12,13,1,-1,-1,-1
278,2,561,200,8,9,1,-1,-1,-1
278,3,580,250,9,12,1,-1,-1,-1
278,5,581,236,10,10,1,-1,-1,-1
278,6,571,202,8,9,1,-1,-1,-1
278,7,558,245,10,12,1,-1,-1,-1
278,9,609,347,14,18,1,-1,-1,-1
278,10,560,296,12,13,1,-1,-1,-1
279,2,561,200,8,9,1,-1,-1,-1
279,3,580,249,9,12,1,-1,-1,-1
279,5,581,235,10,10,1,-1,-1,-1
279,6,571,202,8,9,1,-1,-1,-1
279,7,558,244,10,12,1,-1,-1,-1
279,9,609,348,14,18,1,-1,-1,-1
279,10,560,295,12,13,1,-1,-1,-1
280,2,561,199,8,9,1,-1,-1,-1
280,3,580,249,9,12,1,-1,-1,-1
280,5,581,234,10,10,1,-1,-1,-1
280,6,571,202,8,9,1,-1,-1,-1
280,7,558,243,10,13,1,-1,-1,-1
280,9,609,348,14,18,1,-1,-1,-1
280,10,560,294,11,14,1,-1,-1,-1
281,2,561,198,8,9,1,-1,-1,-1
281,3,580,248,9,12,1,-1,-1,-1
281,5,581,234,11,10,1,-1,-1,-1
281,6,572,202,8,9,1,-1,-1,-1
281,7,558,242,11,13,1,-1,-1,-1
281,9,609,348,14,18,1,-1,-1,-1
281,10,561,293,11,14,1,-1,-1,-1
282,2,561,198,8,9,1,-1,-1,-1
282,3,580,248,9,12,1,-1,-1,-1
282,5,581,233,11,10,1,-1,-1,-1
282,6,572,201,8,9,1,-1,-1,-1
282,7,558,241,11,13,1,-1,-1,-1
282,9,610,349,14,18,1,-1,-1,-1
282,10,561,292,11,14,1,-1,-1,-1
283,2,561,197,8,9,1,-1,-1,-1
283,3,580,247,9,12,1,-1,-1,-1
283,5,581,233,11,10,1,-1,-1,-1
283,6,572,201,8,9,1,-1,-1,-1
283,7,559,241,11,12,1,-1,-1,-1
283,9,610,349,14,18,1,-1,-1,-1
283,10,561,291,11,14,1,-1,-1,-1
284,2,561,197,8,9,1,-1,-1,-1
284,3,580,247,9,12,1,-1,-1,-1
284,5,581,233,11,10,1,-1,-1,-1
284,7,559,240,11,12,1,-1,-1,-1
284,9,610,349,14,18,1,-1,-1,-1
284,10,561,290,11,14,1,-1,-1,-1
285,2,562,197,8,9,1,-1,-1,-1
285,3,580,246,9,12,1,-1,-1,-1
285,5,581,232,11,10,1,-1,-1,-1
285,7,559,240,11,12,1,-1,-1,-1
285,9,610,350,14,18,1,-1,-1,-1
285,10,561,289,11,14,1,-1,-1,-1
286,2,562,196,9,9,1,-1,-1,-1
286,3,580,246,9,12,1,-1,-1,-1
286,5,581,232,11,10,1,-1,-1,-1
286,7,559,240,11,12,1,-1,-1,-1
286,9,610,350,14,17,1,-1,-1,-1
286,10,561,288,11,14,1,-1,-1,-1
287,2,562,196,9,9,1,-1,-1,-1
287,3,581,245,9,12,1,-1,-1,-1
287,5,581,231,11,10,1,-1,-1,-1
287,7,559,239,11,12,1,-1,-1,-1
287,9,611,350,14,17,1,-1,-1,-1
287,10,562,287,11,14,1,-1,-1,-1
288,2,562,196,9,9,1,-1,-1,-1
288,3,581,245,9,12,1,-1,-1,-1
288,5,582,231,11,10,1,-1,-1,-1
288,7,559,239,11,11,1,-1,-1,-1
288,9,611,351,14,17,1,-1,-1,-1
288,10,562,286,11,14,1,-1,-1,-1
289,3,581,244,9,11,1,-1,-1,-1
289,9,611,351,14,17,1,-1,-1,-1
289,10,562,285,11,14,1,-1,-1,-1
290,3,581,244,9,11,1,-1,-1,-1
290,9,611,351,14,17,1,-1,-1,-1
290,10,562,284,11,14,1,-1,-1,-1
291,3,581,243,9,11,1,-1,-1,-1
291,9,611,352,14,17,1,-1,-1,-1
291,10,562,283,11,14,1,-1,-1,-1
292,3,581,243,9,11,1,-1,-1,-1
292,9,611,352,14,17,1,-1,-1,-1
292,10,562,282,11,14,1,-1,-1,-1
293,3,581,243,9,11,1,-1,-1,-1
293,9,611,352,14,17,1,-1,-1,-1
293,10,563,281,11,14,1,-1,-1,-1
294,3,581,242,9,11,1,-1,-1,-1
294,9,611,353,14,17,1,-1,-1,-1
294,10,563,280,11,14,1,-1,-1,-1
295,3,581,242,8,11,1,-1,-1,-1
295,9,611,353,14,17,1,-1,-1,-1
295,10,563,279,11,14,1,-1,-1,-1
296,3,582,241,8,11,1,-1,-1,-1
296,9,611,353,14,17,1,-1,-1,-1
296,10,563,278,11,14,1,-1,-1,-1
297,3,582,241,8,11,1,-1,-1,-1
297,9,611,353,14,17,1,-1,-1,-1
297,10,563,277,11,14,1,-1,-1,-1
298,3,582,240,8,11,1,-1,-1,-1
298,9,612,354,14,17,1,-1,-1,-1
298,10,563,277,11,14,1,-1,-1,-1
299,3,582,240,8,11,1,-1,-1,-1
299,9,612,354,14,17,1,-1,-1,-1
299,10,564,276,11,14,1,-1,-1,-1
300,3,582,239,8,12,1,-1,-1,-1
300,9,612,354,14,17,1,-1,-1,-1
300,10,564,275,11,13,1,-1,-1,-1
301,3,582,239,9,12,1,-1,-1,-1
301,9,612,355,14,17,1,-1,-1,-1
301,10,564,274,11,13,1,-1,-1,-1
302,3,582,238,9,12,1,-1,-1,-1
302,9,612,355,15,17,1,-1,-1,-1
302,10,564,273,11,13,1,-1,-1,-1
303,3,582,238,9,12,1,-1,-1,-1
303,9,612,355,15,17,1,-1,-1,-1
303,10,564,273,11,13,1,-1,-1,-1
304,3,582,237,9,12,1,-1,-1,-1
304,9,612,356,15,17,1,-1,-1,-1
304,10,564,272,11,12,1,-1,-1,-1
305,3,582,237,9,12,1,-1,-1,-1
305,9,612,356,15,17,1,-1,-1,-1
305,10,565,271,11,12,1,-1,-1,-1
306,3,582,236,9,12,1,-1,-1,-1
306,9,613,356,15,17,1,-1,-1,-1
306,10,565,270,11,12,1,-1,-1,-1
307,3,582,236,9,12,1,-1,-1,-1
307,9,613,356,15,17,1,-1,-1,-1
307,10,565,270,11,12,1,-1,-1,-1
308,3,582,235,9,12,1,-1,-1,-1
308,9,613,357,15,17,1,-1,-1,-1
308,10,565,269,11,12,1,-1,-1,-1
309,3,582,235,9,12,1,-1,-1,-1
309,9,613,357,15,17,1,-1,-1,-1
309,10,565,268,11,12,1,-1,-1,-1
310,3,582,234,9,13,1,-1,-1,-1
310,9,613,357,15,17,1,-1,-1,-1
310,10,565,266,11,12,1,-1,-1,-1
311,3,582,234,9,13,1,-1,-1,-1
311,9,613,358,15,17,1,-1,-1,-1
311,10,566,265,11,13,1,-1,-1,-1
312,3,582,233,9,13,1,-1,-1,-1
312,9,613,358,15,17,1,-1,-1,-1
312,10,566,264,11,13,1,-1,-1,-1
313,3,582,233,9,12,1,-1,-1,-1
313,9,614,358,15,17,1,-1,-1,-1
313,10,566,263,11,13,1,-1,-1,-1
314,3,582,232,9,12,1,-1,-1,-1
314,9,614,358,15,17,1,-1,-1,-1
314,10,566,262,11,13,1,-1,-1,-1
315,3,583,232,9,12,1,-1,-1,-1
315,9,614,359,15,17,1,-1,-1,-1
315,10,566,262,11,13,1,-1,-1,-1
316,3,583,231,9,12,1,-1,-1,-1
316,9,614,359,15,17,1,-1,-1,-1
316,10,566,261,10,12,1,-1,-1,-1
317,3,583,231,9,12,1,-1,-1,-1
317,9,614,359,15,17,1,-1,-1,-1
317,10,567,261,10,12,1,-1,-1,-1
318,3,583,231,9,12,1,-1,-1,-1
318,9,614,360,15,17,1,-1,-1,-1
318,10,567,260,10,12,1,-1,-1,-1
319,3,583,231,9,11,1,-1,-1,-1
319,9,614,360,15,17,1,-1,-1,-1
319,10,567,260,10,11,1,-1,-1,-1
320,3,583,230,9,11,1,-1,-1,-1
320,9,614,360,15,17,1,-1,-1,-1
320,10,567,259,10,11,1,-1,-1,-1
321,3,583,230,9,11,1,-1,-1,-1
321,9,614,361,14,17,1,-1,-1,-1
321,10,567,258,10,11,1,-1,-1,-1
322,3,583,230,9,10,1,-1,-1,-1
322,9,614,361,14,17,1,-1,-1,-1
322,10,566,257,10,11,1,-1,-1,-1
323,3,583,229,9,11,1,-1,-1,-1
323,9,614,361,14,17,1,-1,-1,-1
323,10,566,257,10,11,1,-1,-1,-1
324,3,582,229,9,11,1,-1,-1,-1
324,9,614,362,14,17,1,-1,-1,-1
324,10,566,256,10,11,1,-1,-1,-1
325,3,582,228,9,11,1,-1,-1,-1
325,9,614,362,14,17,1,-1,-1,-1
325,10,566,255,10,11,1,-1,-1,-1
326,3,581,227,9,11,1,-1,-1,-1
326,9,614,362,14,17,1,-1,-1,-1
326,10,565,254,10,11,1,-1,-1,-1
327,3,581,227,9,12,1,-1,-1,-1
327,9,614,363,14,17,1,-1,-1,-1
327,10,565,254,10,11,1,-1,-1,-1
328,3,581,226,9,12,1,-1,-1,-1
328,9,613,363,14,17,1,-1,-1,-1
328,10,564,253,10,11,1,-1,-1,-1
329,3,580,226,9,12,1,-1,-1,-1
329,9,613,363,14,17,1,-1,-1,-1
329,10,564,253,11,11,1,-1,-1,-1
330,3,579,225,9,12,1,-1,-1,-1
330,9,613,363,14,17,1,-1,-1,-1
330,10,563,252,11,11,1,-1,-1,-1
331,3,578,225,9,12,1,-1,-1,-1
331,9,612,364,14,17,1,-1,-1,-1
331,10,563,251,11,11,1,-1,-1,-1
332,3,577,225,9,12,1,-1,-1,-1
332,9,611,364,14,17,1,-1,-1,-1
333,3,576,224,9,12,1,-1,-1,-1
333,9,610,364,14,18,1,-1,-1,-1
334,3,576,224,8,12,1,-1,-1,-1
334,9,609,364,14,18,1,-1,-1,-1
335,3,574,224,9,12,1,-1,-1,-1
335,9,608,364,15,18,1,-1,-1,-1
336,3,573,223,9,12,1,-1,-1,-1
336,9,606,364,15,18,1,-1,-1,-1
337,3,572,223,9,11,1,-1,-1,-1
337,9,605,364,15,19,1,-1,-1,-1
338,3,570,222,9,11,1,-1,-1,-1
338,9,604,365,15,19,1,-1,-1,-1
339,3,569,222,9,11,1,-1,-1,-1
339,9,603,365,15,18,1,-1,-1,-1
340,3,568,221,9,11,1,-1,-1,-1
340,9,603,365,15,18,1,-1,-1,-1
341,3,567,221,9,11,1,-1,-1,-1
341,9,602,366,15,18,1,-1,-1,-1
342,3,566,221,9,11,1,-1,-1,-1
342,9,601,366,14,18,1,-1,-1,-1
343,3,565,220,9,11,1,-1,-1,-1
343,9,600,366,14,18,1,-1,-1,-1
344,3,564,220,9,11,1,-1,-1,-1
344,9,600,367,14,18,1,-1,-1,-1
345,3,563,219,9,11,1,-1,-1,-1
345,9,599,367,14,18,1,-1,-1,-1
346,3,562,219,8,11,1,-1,-1,-1
346,9,599,368,14,18,1,-1,-1,-1
347,3,562,219,9,11,1,-1,-1,-1
347,9,599,368,14,18,1,-1,-1,-1
348,3,562,219,9,11,1,-1,-1,-1
348,9,599,368,14,18,1,-1,-1,-1
349,3,561,218,9,11,1,-1,-1,-1
349,9,598,369,14,18,1,-1,-1,-1
350,3,561,218,9,10,1,-1,-1,-1
350,9,598,369,14,18,1,-1,-1,-1
351,3,560,218,9,10,1,-1,-1,-1
351,9,598,370,14,18,1,-1,-1,-1
352,3,560,218,9,10,1,-1,-1,-1
352,9,598,370,14,18,1,-1,-1,-1
353,3,560,217,8,10,1,-1,-1,-1
353,9,597,371,14,18,1,-1,-1,-1
354,3,559,217,8,10,1,-1,-1,-1
354,9,597,371,14,18,1,-1,-1,-1
355,3,559,217,8,10,1,-1,-1,-1
355,9,597,372,14,18,1,-1,-1,-1
356,3,559,216,8,10,1,-1,-1,-1
356,9,597,372,14,18,1,-1,-1,-1
357,3,558,216,8,10,1,-1,-1,-1
357,9,597,373,15,18,1,-1,-1,-1
358,3,558,215,8,10,1,-1,-1,-1
358,9,596,373,15,18,1,-1,-1,-1
359,3,557,215,8,10,1,-1,-1,-1
359,9,596,374,15,18,1,-1,-1,-1
360,3,557,215,9,11,1,-1,-1,-1
360,9,596,374,15,18,1,-1,-1,-1
361,3,557,214,9,11,1,-1,-1,-1
361,9,596,375,15,18,1,-1,-1,-1
362,3,557,214,9,11,1,-1,-1,-1
362,9,596,375,15,18,1,-1,-1,-1
363,3,556,213,9,11,1,-1,-1,-1
363,9,595,375,15,19,1,-1,-1,-1
364,3,556,213,9,11,1,-1,-1,-1
364,9,595,375,15,20,1,-1,-1,-1
365,3,556,213,9,11,1,-1,-1,-1
365,9,595,375,15,20,1,-1,-1,-1
366,3,556,212,9,11,1,-1,-1,-1
366,9,594,375,15,21,1,-1,-1,-1
367,3,556,212,9,11,1,-1,-1,-1
367,9,594,375,16,22,1,-1,-1,-1
368,3,555,211,9,12,1,-1,-1,-1
368,9,594,376,16,21,1,-1,-1,-1
369,3,555,211,9,12,1,-1,-1,-1
369,9,594,376,15,21,1,-1,-1,-1
370,3,555,210,8,12,1,-1,-1,-1
370,9,595,377,15,21,1,-1,-1,-1
371,3,555,210,8,12,1,-1,-1,-1
371,9,595,378,15,20,1,-1,-1,-1
372,3,555,210,8,12,1,-1,-1,-1
372,9,595,378,15,20,1,-1,-1,-1
373,3,555,210,8,11,1,-1,-1,-1
373,9,595,379,15,20,1,-1,-1,-1
374,3,555,210,8,11,1,-1,-1,-1
374,9,595,379,15,20,1,-1,-1,-1
375,3,555,209,8,11,1,-1,-1,-1
375,9,595,380,15,20,1,-1,-1,-1
376,3,555,209,8,11,1,-1,-1,-1
376,9,595,380,15,20,1,-1,-1,-1
377,3,555,209,8,11,1,-1,-1,-1
377,9,595,380,15,20,1,-1,-1,-1
378,3,554,209,8,11,1,-1,-1,-1
378,4,548,524,22,15,1,-1,-1,-1
378,9,595,381,16,21,1,-1,-1,-1
379,3,554,208,8,11,1,-1,-1,-1
379,4,548,522,21,17,1,-1,-1,-1
379,9,595,381,16,21,1,-1,-1,-1
380,3,554,208,7,10,1,-1,-1,-1
380,4,548,520,21,19,1,-1,-1,-1
380,9,595,381,16,21,1,-1,-1,-1
381,3,554,208,7,10,1,-1,-1,-1
381,4,548,517,21,22,1,-1,-1,-1
381,9,595,382,16,21,1,-1,-1,-1
382,3,554,207,7,10,1,-1,-1,-1
382,4,548,515,21,24,1,-1,-1,-1
382,9,595,382,16,21,1,-1,-1,-1
383,3,554,207,7,10,1,-1,-1,-1
383,4,548,513,21,26,1,-1,-1,-1
383,9,595,382,16,22,1,-1,-1,-1
384,3,554,207,7,11,1,-1,-1,-1
384,4,548,511,21,28,1,-1,-1,-1
384,9,595,383,16,22,1,-1,-1,-1
