1,92,388,146,164,115,1,-1,-1,-1
1,93,626,23,144,87,1,-1,-1,-1
1,94,1146,41,139,82,1,-1,-1,-1
1,97,818,470,204,138,1,-1,-1,-1
1,98,1253,286,143,108,1,-1,-1,-1
2,92,411,145,164,115,1,-1,-1,-1
2,93,651,24,144,87,1,-1,-1,-1
2,94,1204,41,139,82,1,-1,-1,-1
2,97,848,470,204,137,1,-1,-1,-1
2,98,1286,293,145,106,1,-1,-1,-1
3,92,434,145,164,115,1,-1,-1,-1
3,93,676,26,144,87,1,-1,-1,-1
3,94,1262,42,139,82,1,-1,-1,-1
3,97,879,470,203,137,1,-1,-1,-1
3,98,1320,301,146,103,1,-1,-1,-1
4,92,457,144,164,115,1,-1,-1,-1
4,93,701,28,144,87,1,-1,-1,-1
4,94,1321,42,139,82,1,-1,-1,-1
4,97,910,470,203,137,1,-1,-1,-1
4,98,1354,309,148,101,1,-1,-1,-1
5,92,481,144,163,115,1,-1,-1,-1
5,93,726,30,145,87,1,-1,-1,-1
5,94,1379,43,139,82,1,-1,-1,-1
5,97,935,472,203,136,1,-1,-1,-1
5,98,1386,316,152,100,1,-1,-1,-1
6,92,504,144,163,115,1,-1,-1,-1
6,93,751,31,145,87,1,-1,-1,-1
6,94,1437,43,139,82,1,-1,-1,-1
6,97,960,474,203,136,1,-1,-1,-1
6,98,1418,323,157,100,1,-1,-1,-1
7,92,527,143,163,115,1,-1,-1,-1
7,93,776,33,145,87,1,-1,-1,-1
7,94,1496,44,139,82,1,-1,-1,-1
7,97,989,477,207,136,1,-1,-1,-1
7,98,1454,332,157,100,1,-1,-1,-1
8,92,550,143,163,115,1,-1,-1,-1
8,93,801,35,145,87,1,-1,-1,-1
8,94,1554,44,139,82,1,-1,-1,-1
8,97,1018,481,211,136,1,-1,-1,-1
8,98,1491,341,157,100,1,-1,-1,-1
9,92,574,143,163,115,1,-1,-1,-1
9,93,826,37,146,87,1,-1,-1,-1
9,94,1613,45,139,82,1,-1,-1,-1
9,97,1047,485,215,136,1,-1,-1,-1
9,98,1528,350,157,100,1,-1,-1,-1
10,92,598,142,163,115,1,-1,-1,-1
10,93,852,43,146,87,1,-1,-1,-1
10,94,1679,44,140,82,1,-1,-1,-1
10,97,1077,489,218,136,1,-1,-1,-1
10,98,1565,359,157,100,1,-1,-1,-1
11,92,628,143,164,103,1,-1,-1,-1
11,93,879,42,146,87,1,-1,-1,-1
11,94,1719,52,173,82,1,-1,-1,-1
11,97,1108,494,218,136,1,-1,-1,-1
11,98,1600,370,169,102,1,-1,-1,-1
12,92,649,145,164,103,1,-1,-1,-1
12,93,900,43,151,88,1,-1,-1,-1
12,97,1140,500,218,136,1,-1,-1,-1
12,98,1636,381,180,104,1,-1,-1,-1
13,9,290,825,95,67,1,-1,-1,-1
13,92,674,144,164,103,1,-1,-1,-1
13,93,925,47,152,88,1,-1,-1,-1
13,97,1171,506,218,136,1,-1,-1,-1
13,98,1672,392,191,107,1,-1,-1,-1
13,109,4,722,251,200,1,-1,-1,-1
14,9,315,822,95,70,1,-1,-1,-1
14,92,698,144,164,103,1,-1,-1,-1
14,93,949,49,152,88,1,-1,-1,-1
14,97,1203,512,218,136,1,-1,-1,-1
14,98,1712,406,184,105,1,-1,-1,-1
14,109,2,707,279,207,1,-1,-1,-1
14,137,1364,14,140,66,1,-1,-1,-1
15,9,358,817,95,68,1,-1,-1,-1
15,92,722,145,164,103,1,-1,-1,-1
15,93,974,52,152,88,1,-1,-1,-1
15,97,1234,518,218,136,1,-1,-1,-1
15,98,1746,423,153,102,1,-1,-1,-1
15,109,0,692,307,215,1,-1,-1,-1
15,137,1395,20,140,66,1,-1,-1,-1
16,9,386,799,95,68,1,-1,-1,-1
16,92,746,145,164,103,1,-1,-1,-1
16,93,999,55,152,88,1,-1,-1,-1
16,97,1266,524,218,136,1,-1,-1,-1
16,109,35,681,304,182,1,-1,-1,-1
16,137,1426,27,141,66,1,-1,-1,-1
17,9,421,788,95,67,1,-1,-1,-1
17,92,771,146,164,103,1,-1,-1,-1
17,93,1024,58,152,88,1,-1,-1,-1
17,97,1296,533,218,136,1,-1,-1,-1
17,109,73,667,303,178,1,-1,-1,-1
17,137,1457,34,142,66,1,-1,-1,-1
18,9,453,785,95,71,1,-1,-1,-1
18,92,799,147,164,99,1,-1,-1,-1
18,93,1050,59,152,88,1,-1,-1,-1
18,97,1331,542,218,136,1,-1,-1,-1
18,109,111,654,303,173,1,-1,-1,-1
18,137,1488,40,143,66,1,-1,-1,-1
19,9,468,781,96,68,1,-1,-1,-1
19,92,827,148,164,95,1,-1,-1,-1
19,93,1076,60,152,88,1,-1,-1,-1
19,97,1367,551,218,136,1,-1,-1,-1
19,109,145,645,303,173,1,-1,-1,-1
19,137,1519,47,144,66,1,-1,-1,-1
20,9,512,766,95,67,1,-1,-1,-1
20,92,855,149,164,91,1,-1,-1,-1
20,93,1103,62,151,88,1,-1,-1,-1
20,97,1402,560,218,136,1,-1,-1,-1
20,109,183,636,296,173,1,-1,-1,-1
20,137,1550,54,145,66,1,-1,-1,-1
21,9,548,747,95,71,1,-1,-1,-1
21,92,883,155,164,91,1,-1,-1,-1
21,93,1124,69,158,87,1,-1,-1,-1
21,97,1438,569,218,136,1,-1,-1,-1
21,109,222,628,288,173,1,-1,-1,-1
21,137,1581,61,146,66,1,-1,-1,-1
22,9,557,750,95,70,1,-1,-1,-1
22,92,909,151,163,91,1,-1,-1,-1
22,93,1139,67,163,85,1,-1,-1,-1
22,97,1474,579,218,136,1,-1,-1,-1
22,109,250,619,288,173,1,-1,-1,-1
22,137,1609,70,147,66,1,-1,-1,-1
23,9,602,737,95,67,1,-1,-1,-1
23,92,933,153,163,91,1,-1,-1,-1
23,93,1161,72,163,85,1,-1,-1,-1
23,97,1498,589,219,136,1,-1,-1,-1
23,109,280,611,284,158,1,-1,-1,-1
23,137,1637,80,148,66,1,-1,-1,-1
24,9,609,737,95,71,1,-1,-1,-1
24,92,958,155,163,91,1,-1,-1,-1
24,93,1184,77,163,85,1,-1,-1,-1
24,97,1523,599,219,136,1,-1,-1,-1
24,109,311,603,279,143,1,-1,-1,-1
24,137,1665,89,149,67,1,-1,-1,-1
25,9,643,730,95,66,1,-1,-1,-1
25,92,983,157,163,91,1,-1,-1,-1
25,93,1207,82,163,85,1,-1,-1,-1
25,97,1548,609,219,136,1,-1,-1,-1
25,109,335,604,279,143,1,-1,-1,-1
25,137,1694,99,149,67,1,-1,-1,-1
26,9,669,731,94,71,1,-1,-1,-1
26,92,1000,158,163,91,1,-1,-1,-1
26,93,1220,85,163,85,1,-1,-1,-1
26,97,1573,619,219,137,1,-1,-1,-1
26,109,360,606,279,143,1,-1,-1,-1
26,137,1714,104,148,68,1,-1,-1,-1
27,9,688,723,95,70,1,-1,-1,-1
27,92,1017,160,163,91,1,-1,-1,-1
27,93,1233,89,163,85,1,-1,-1,-1
27,97,1598,629,219,137,1,-1,-1,-1
27,109,379,600,279,143,1,-1,-1,-1
27,137,1734,109,147,69,1,-1,-1,-1
28,9,706,719,95,71,1,-1,-1,-1
28,92,1034,162,163,91,1,-1,-1,-1
28,93,1246,92,163,85,1,-1,-1,-1
28,97,1623,639,219,137,1,-1,-1,-1
28,109,399,595,278,143,1,-1,-1,-1
28,137,1754,115,146,70,1,-1,-1,-1
29,9,717,717,95,67,1,-1,-1,-1
29,92,1051,164,163,91,1,-1,-1,-1
29,93,1259,96,163,85,1,-1,-1,-1
29,97,1648,649,219,137,1,-1,-1,-1
29,109,418,589,278,143,1,-1,-1,-1
29,137,1771,121,130,70,1,-1,-1,-1
30,9,726,714,95,65,1,-1,-1,-1
30,92,1068,166,163,91,1,-1,-1,-1
30,93,1272,100,163,85,1,-1,-1,-1
30,97,1673,660,219,137,1,-1,-1,-1
30,109,438,584,278,143,1,-1,-1,-1
30,137,1789,128,113,70,1,-1,-1,-1
31,9,736,711,94,64,1,-1,-1,-1
31,92,1079,166,163,91,1,-1,-1,-1
31,93,1270,102,163,85,1,-1,-1,-1
31,97,1677,663,216,137,1,-1,-1,-1
31,109,451,583,278,141,1,-1,-1,-1
31,137,1802,133,100,70,1,-1,-1,-1
32,9,746,709,94,61,1,-1,-1,-1
32,92,1090,167,163,91,1,-1,-1,-1
32,93,1268,104,164,85,1,-1,-1,-1
32,97,1682,666,213,137,1,-1,-1,-1
32,109,464,582,278,139,1,-1,-1,-1
32,137,1816,139,87,70,1,-1,-1,-1
33,9,756,706,93,60,1,-1,-1,-1
33,33,1256,0,550,95,1,-1,-1,-1
33,92,1101,168,163,91,1,-1,-1,-1
33,93,1267,106,164,85,1,-1,-1,-1
33,97,1686,669,211,137,1,-1,-1,-1
33,109,478,581,277,137,1,-1,-1,-1
33,137,1803,138,95,70,1,-1,-1,-1
34,9,766,704,93,58,1,-1,-1,-1
34,33,1255,0,550,94,1,-1,-1,-1
34,92,1094,168,163,91,1,-1,-1,-1
34,93,1251,104,164,85,1,-1,-1,-1
34,97,1691,672,208,137,1,-1,-1,-1
34,109,476,581,277,135,1,-1,-1,-1
34,137,1790,137,103,70,1,-1,-1,-1
35,9,764,704,93,58,1,-1,-1,-1
35,33,1254,0,550,94,1,-1,-1,-1
35,92,1087,168,163,91,1,-1,-1,-1
35,93,1235,103,164,85,1,-1,-1,-1
35,97,1695,675,206,137,1,-1,-1,-1
35,109,475,581,277,133,1,-1,-1,-1
35,137,1778,137,111,69,1,-1,-1,-1
36,9,763,704,93,58,1,-1,-1,-1
36,33,1253,0,551,94,1,-1,-1,-1
36,91,1,544,254,179,1,-1,-1,-1
36,92,1080,168,163,91,1,-1,-1,-1
36,93,1219,101,164,85,1,-1,-1,-1
36,97,1700,679,203,137,1,-1,-1,-1
36,109,474,582,276,130,1,-1,-1,-1
36,137,1765,136,119,69,1,-1,-1,-1
37,9,762,704,93,58,1,-1,-1,-1
37,33,1252,0,551,93,1,-1,-1,-1
37,91,2,535,267,179,1,-1,-1,-1
37,92,1073,168,163,91,1,-1,-1,-1
37,93,1203,100,164,85,1,-1,-1,-1
37,97,1699,678,203,137,1,-1,-1,-1
37,109,473,582,276,128,1,-1,-1,-1
37,137,1752,135,128,70,1,-1,-1,-1
38,9,761,704,93,58,1,-1,-1,-1
38,33,1251,0,551,93,1,-1,-1,-1
38,91,3,527,281,178,1,-1,-1,-1
38,92,1066,168,163,91,1,-1,-1,-1
38,93,1187,98,164,85,1,-1,-1,-1
38,97,1699,677,203,137,1,-1,-1,-1
38,109,472,582,275,126,1,-1,-1,-1
38,137,1740,135,135,69,1,-1,-1,-1
39,9,760,704,93,58,1,-1,-1,-1
39,33,1251,0,551,93,1,-1,-1,-1
39,91,21,518,281,176,1,-1,-1,-1
39,92,1059,168,163,91,1,-1,-1,-1
39,93,1171,97,164,85,1,-1,-1,-1
39,97,1698,676,203,137,1,-1,-1,-1
39,109,471,583,275,124,1,-1,-1,-1
39,137,1727,134,144,69,1,-1,-1,-1
40,9,759,704,93,58,1,-1,-1,-1
40,33,1253,0,551,92,1,-1,-1,-1
40,91,40,510,280,173,1,-1,-1,-1
40,92,1052,169,163,91,1,-1,-1,-1
40,93,1155,96,164,85,1,-1,-1,-1
40,97,1698,675,203,137,1,-1,-1,-1
40,109,470,582,275,124,1,-1,-1,-1
40,137,1714,133,152,69,1,-1,-1,-1
41,9,758,704,93,58,1,-1,-1,-1
41,33,1255,0,552,92,1,-1,-1,-1
41,91,59,502,279,170,1,-1,-1,-1
41,92,1047,168,163,91,1,-1,-1,-1
41,93,1140,94,164,85,1,-1,-1,-1
41,97,1698,675,203,137,1,-1,-1,-1
41,109,469,582,275,124,1,-1,-1,-1
41,137,1702,133,160,69,1,-1,-1,-1
42,9,757,704,93,58,1,-1,-1,-1
42,33,1257,0,553,92,1,-1,-1,-1
42,91,78,494,276,170,1,-1,-1,-1
42,92,1043,168,163,91,1,-1,-1,-1
42,93,1125,92,164,85,1,-1,-1,-1
42,97,1697,674,203,137,1,-1,-1,-1
42,109,468,582,275,124,1,-1,-1,-1
42,137,1689,131,159,70,1,-1,-1,-1
43,9,756,704,93,58,1,-1,-1,-1
43,33,1259,0,553,92,1,-1,-1,-1
43,91,97,487,274,170,1,-1,-1,-1
43,92,1038,168,163,91,1,-1,-1,-1
43,93,1110,90,164,85,1,-1,-1,-1
43,97,1697,673,203,137,1,-1,-1,-1
43,109,467,582,275,124,1,-1,-1,-1
43,137,1676,129,159,72,1,-1,-1,-1
44,9,755,704,93,58,1,-1,-1,-1
44,33,1261,0,554,91,1,-1,-1,-1
44,91,116,480,272,170,1,-1,-1,-1
44,92,1034,168,163,91,1,-1,-1,-1
44,93,1095,88,164,85,1,-1,-1,-1
44,97,1696,672,203,137,1,-1,-1,-1
44,109,467,582,275,124,1,-1,-1,-1
44,137,1663,128,159,73,1,-1,-1,-1
45,9,756,706,93,58,1,-1,-1,-1
45,33,1263,0,555,91,1,-1,-1,-1
45,91,135,473,270,169,1,-1,-1,-1
45,92,1029,168,163,91,1,-1,-1,-1
45,93,1080,86,164,85,1,-1,-1,-1
45,97,1696,672,203,137,1,-1,-1,-1
45,109,467,584,275,124,1,-1,-1,-1
45,137,1650,126,159,74,1,-1,-1,-1
46,9,758,708,93,58,1,-1,-1,-1
46,33,1265,0,556,91,1,-1,-1,-1
46,91,154,466,268,169,1,-1,-1,-1
46,92,1025,168,163,91,1,-1,-1,-1
46,93,1065,84,164,85,1,-1,-1,-1
46,97,1696,671,203,137,1,-1,-1,-1
46,109,468,586,275,124,1,-1,-1,-1
46,137,1637,124,159,76,1,-1,-1,-1
47,9,759,710,93,58,1,-1,-1,-1
47,33,1267,0,556,91,1,-1,-1,-1
47,91,173,459,266,169,1,-1,-1,-1
47,92,1020,168,163,91,1,-1,-1,-1
47,93,1050,82,164,85,1,-1,-1,-1
47,97,1695,670,203,137,1,-1,-1,-1
47,109,469,588,275,124,1,-1,-1,-1
47,137,1624,123,159,77,1,-1,-1,-1
48,9,761,713,93,58,1,-1,-1,-1
48,33,1269,0,557,91,1,-1,-1,-1
48,91,193,456,266,166,1,-1,-1,-1
48,92,1016,168,163,91,1,-1,-1,-1
48,93,1036,80,164,85,1,-1,-1,-1
48,97,1695,669,203,137,1,-1,-1,-1
48,109,469,590,275,124,1,-1,-1,-1
48,137,1611,121,159,78,1,-1,-1,-1
49,9,762,715,93,58,1,-1,-1,-1
49,33,1271,0,558,90,1,-1,-1,-1
49,91,214,453,265,164,1,-1,-1,-1
49,92,1016,169,163,91,1,-1,-1,-1
49,93,1028,79,164,85,1,-1,-1,-1
49,97,1695,669,203,137,1,-1,-1,-1
49,109,470,592,275,124,1,-1,-1,-1
49,137,1598,119,159,80,1,-1,-1,-1
50,9,764,717,93,58,1,-1,-1,-1
50,33,1273,0,558,90,1,-1,-1,-1
50,91,235,451,264,160,1,-1,-1,-1
50,92,1017,170,163,91,1,-1,-1,-1
50,93,1021,79,164,85,1,-1,-1,-1
50,97,1696,673,202,137,1,-1,-1,-1
50,109,471,594,275,124,1,-1,-1,-1
50,137,1586,118,158,81,1,-1,-1,-1
51,9,765,719,93,58,1,-1,-1,-1
51,33,1275,0,559,90,1,-1,-1,-1
51,91,255,448,264,158,1,-1,-1,-1
51,92,1017,171,163,91,1,-1,-1,-1
51,93,1014,78,164,85,1,-1,-1,-1
51,97,1697,678,201,136,1,-1,-1,-1
51,109,471,596,275,124,1,-1,-1,-1
51,137,1576,119,158,81,1,-1,-1,-1
52,9,767,722,93,58,1,-1,-1,-1
52,33,1277,0,560,90,1,-1,-1,-1
52,91,276,446,263,154,1,-1,-1,-1
52,92,1018,172,163,91,1,-1,-1,-1
52,93,1006,78,164,85,1,-1,-1,-1
52,97,1698,682,201,137,1,-1,-1,-1
52,109,472,598,275,124,1,-1,-1,-1
52,137,1566,120,158,81,1,-1,-1,-1
53,9,768,724,93,58,1,-1,-1,-1
53,33,1280,0,560,90,1,-1,-1,-1
53,91,297,443,262,152,1,-1,-1,-1
53,92,1019,173,163,91,1,-1,-1,-1
53,93,999,77,164,85,1,-1,-1,-1
53,97,1700,687,199,136,1,-1,-1,-1
53,109,473,600,275,124,1,-1,-1,-1
53,137,1556,121,158,81,1,-1,-1,-1
54,9,770,726,93,58,1,-1,-1,-1
54,33,1279,0,560,93,1,-1,-1,-1
54,91,318,441,261,149,1,-1,-1,-1
54,92,1019,174,163,91,1,-1,-1,-1
54,93,992,77,164,85,1,-1,-1,-1
54,97,1701,691,198,137,1,-1,-1,-1
54,109,473,602,275,124,1,-1,-1,-1
54,137,1546,122,158,81,1,-1,-1,-1
55,9,771,728,93,58,1,-1,-1,-1
55,33,1279,0,560,97,1,-1,-1,-1
55,91,330,440,261,148,1,-1,-1,-1
55,92,1020,175,163,91,1,-1,-1,-1
55,93,984,76,164,85,1,-1,-1,-1
55,97,1702,696,198,136,1,-1,-1,-1
55,109,474,604,275,124,1,-1,-1,-1
55,137,1536,123,158,82,1,-1,-1,-1
56,9,773,731,93,58,1,-1,-1,-1
56,33,1279,0,560,101,1,-1,-1,-1
56,91,343,440,260,147,1,-1,-1,-1
56,92,1020,176,163,91,1,-1,-1,-1
56,93,977,76,164,85,1,-1,-1,-1
56,97,1704,700,196,137,1,-1,-1,-1
56,109,475,606,275,124,1,-1,-1,-1
56,137,1526,124,158,82,1,-1,-1,-1
57,9,772,735,93,58,1,-1,-1,-1
57,33,1281,0,560,103,1,-1,-1,-1
57,91,355,440,260,145,1,-1,-1,-1
57,92,1021,177,163,91,1,-1,-1,-1
57,93,970,75,164,85,1,-1,-1,-1
57,97,1705,705,195,136,1,-1,-1,-1
57,109,475,608,275,124,1,-1,-1,-1
57,137,1516,125,158,82,1,-1,-1,-1
58,9,772,739,93,58,1,-1,-1,-1
58,33,1283,0,561,105,1,-1,-1,-1
58,91,368,440,259,144,1,-1,-1,-1
58,92,1022,178,163,91,1,-1,-1,-1
58,93,963,75,164,85,1,-1,-1,-1
58,97,1706,709,195,137,1,-1,-1,-1
58,109,476,610,275,124,1,-1,-1,-1
58,137,1506,126,158,82,1,-1,-1,-1
59,9,772,743,93,58,1,-1,-1,-1
59,33,1285,1,562,106,1,-1,-1,-1
59,91,380,440,259,142,1,-1,-1,-1
59,92,1020,180,163,91,1,-1,-1,-1
59,93,956,75,163,85,1,-1,-1,-1
59,97,1707,714,194,136,1,-1,-1,-1
59,109,477,613,275,124,1,-1,-1,-1
59,137,1496,127,158,82,1,-1,-1,-1
60,9,771,747,93,58,1,-1,-1,-1
60,33,1287,1,562,108,1,-1,-1,-1
60,91,393,440,258,141,1,-1,-1,-1
60,92,1019,182,163,91,1,-1,-1,-1
60,93,949,75,163,85,1,-1,-1,-1
60,97,1709,718,192,137,1,-1,-1,-1
60,109,475,616,275,125,1,-1,-1,-1
60,137,1486,129,158,82,1,-1,-1,-1
61,9,771,751,93,58,1,-1,-1,-1
61,33,1289,1,563,110,1,-1,-1,-1
61,91,405,439,258,140,1,-1,-1,-1
61,92,1018,185,163,91,1,-1,-1,-1
61,93,942,75,162,85,1,-1,-1,-1
61,97,1710,723,192,136,1,-1,-1,-1
61,109,474,620,274,126,1,-1,-1,-1
61,137,1473,130,157,81,1,-1,-1,-1
62,9,771,755,93,58,1,-1,-1,-1
62,33,1292,2,563,111,1,-1,-1,-1
62,91,418,439,257,139,1,-1,-1,-1
62,92,1017,187,163,91,1,-1,-1,-1
62,93,935,75,162,85,1,-1,-1,-1
62,97,1711,727,191,137,1,-1,-1,-1
62,109,472,623,274,128,1,-1,-1,-1
62,137,1460,131,157,81,1,-1,-1,-1
63,9,771,760,93,57,1,-1,-1,-1
63,33,1294,2,564,113,1,-1,-1,-1
63,91,430,439,257,137,1,-1,-1,-1
63,92,1016,189,163,91,1,-1,-1,-1
63,93,928,75,162,85,1,-1,-1,-1
63,97,1713,732,189,136,1,-1,-1,-1
63,109,471,627,274,129,1,-1,-1,-1
63,137,1447,133,157,79,1,-1,-1,-1
64,9,770,764,93,57,1,-1,-1,-1
64,33,1296,3,564,114,1,-1,-1,-1
64,91,443,439,256,136,1,-1,-1,-1
64,92,1015,192,163,91,1,-1,-1,-1
64,93,922,75,160,85,1,-1,-1,-1
64,97,1714,736,189,137,1,-1,-1,-1
64,109,469,630,274,130,1,-1,-1,-1
64,137,1434,134,157,79,1,-1,-1,-1
65,9,770,768,93,57,1,-1,-1,-1
65,33,1298,3,565,116,1,-1,-1,-1
65,91,455,439,256,134,1,-1,-1,-1
65,92,1014,194,163,91,1,-1,-1,-1
65,93,915,75,160,85,1,-1,-1,-1
65,97,1715,741,188,136,1,-1,-1,-1
65,109,468,634,273,131,1,-1,-1,-1
65,137,1421,135,157,79,1,-1,-1,-1
66,9,770,772,93,57,1,-1,-1,-1
66,17,3,246,103,88,1,-1,-1,-1
66,33,1300,3,566,118,1,-1,-1,-1
66,91,468,439,255,133,1,-1,-1,-1
66,92,1013,196,163,91,1,-1,-1,-1
66,93,908,75,160,85,1,-1,-1,-1
66,97,1717,746,187,136,1,-1,-1,-1
66,109,466,637,273,133,1,-1,-1,-1
66,137,1408,137,157,77,1,-1,-1,-1
67,9,769,776,93,57,1,-1,-1,-1
67,17,1,244,129,93,1,-1,-1,-1
67,33,1302,4,566,119,1,-1,-1,-1
67,91,483,440,254,133,1,-1,-1,-1
67,92,1012,199,163,91,1,-1,-1,-1
67,93,901,75,159,85,1,-1,-1,-1
67,97,1721,753,182,136,1,-1,-1,-1
67,109,465,641,273,134,1,-1,-1,-1
67,137,1395,138,157,77,1,-1,-1,-1
68,9,769,780,93,57,1,-1,-1,-1
68,17,0,243,155,97,1,-1,-1,-1
68,33,1305,4,566,121,1,-1,-1,-1
68,91,498,442,253,133,1,-1,-1,-1
68,92,1011,201,163,91,1,-1,-1,-1
68,93,894,75,159,85,1,-1,-1,-1
68,97,1725,760,178,136,1,-1,-1,-1
68,109,469,646,273,134,1,-1,-1,-1
68,137,1382,140,157,76,1,-1,-1,-1
69,9,769,784,93,57,1,-1,-1,-1
69,17,4,242,173,96,1,-1,-1,-1
69,33,1307,5,567,122,1,-1,-1,-1
69,91,513,444,253,133,1,-1,-1,-1
69,92,1010,204,163,91,1,-1,-1,-1
69,93,888,76,158,85,1,-1,-1,-1
69,97,1730,768,173,136,1,-1,-1,-1
69,109,473,652,273,134,1,-1,-1,-1
69,137,1376,141,157,76,1,-1,-1,-1
70,9,769,789,93,57,1,-1,-1,-1
70,17,28,246,173,97,1,-1,-1,-1
70,33,1309,5,568,124,1,-1,-1,-1
70,91,528,446,252,132,1,-1,-1,-1
70,92,1009,207,163,91,1,-1,-1,-1
70,93,882,76,158,85,1,-1,-1,-1
70,97,1734,775,169,136,1,-1,-1,-1
70,109,473,653,273,134,1,-1,-1,-1
70,137,1370,143,157,76,1,-1,-1,-1
71,9,767,796,94,58,1,-1,-1,-1
71,17,52,251,173,97,1,-1,-1,-1
71,33,1311,5,568,126,1,-1,-1,-1
71,91,543,448,252,132,1,-1,-1,-1
71,92,1009,210,163,91,1,-1,-1,-1
71,93,877,77,157,85,1,-1,-1,-1
71,97,1739,783,164,136,1,-1,-1,-1
71,109,473,655,273,134,1,-1,-1,-1
71,137,1364,145,157,76,1,-1,-1,-1
72,9,766,803,94,59,1,-1,-1,-1
72,17,77,256,173,97,1,-1,-1,-1
72,33,1313,6,569,127,1,-1,-1,-1
72,91,558,450,251,132,1,-1,-1,-1
72,92,1009,213,163,91,1,-1,-1,-1
72,93,871,78,157,85,1,-1,-1,-1
72,97,1743,790,159,136,1,-1,-1,-1
72,109,473,657,273,134,1,-1,-1,-1
72,137,1350,146,157,76,1,-1,-1,-1
73,9,765,811,94,59,1,-1,-1,-1
73,17,95,261,173,97,1,-1,-1,-1
73,33,1315,6,570,129,1,-1,-1,-1
73,91,573,452,251,132,1,-1,-1,-1
73,92,1008,216,163,91,1,-1,-1,-1
73,93,866,79,156,85,1,-1,-1,-1
73,97,1748,798,154,136,1,-1,-1,-1
73,109,473,659,273,134,1,-1,-1,-1
73,137,1336,147,157,76,1,-1,-1,-1
74,9,764,818,94,60,1,-1,-1,-1
74,17,113,266,173,97,1,-1,-1,-1
74,33,1318,7,570,130,1,-1,-1,-1
74,91,588,454,250,131,1,-1,-1,-1
74,92,1008,219,163,91,1,-1,-1,-1
74,93,860,80,157,85,1,-1,-1,-1
74,97,1752,805,150,136,1,-1,-1,-1
74,109,469,680,273,133,1,-1,-1,-1
74,137,1323,149,157,76,1,-1,-1,-1
75,9,763,826,94,61,1,-1,-1,-1
75,17,132,271,173,97,1,-1,-1,-1
75,33,1320,9,569,130,1,-1,-1,-1
75,91,603,456,250,131,1,-1,-1,-1
75,92,1008,222,163,91,1,-1,-1,-1
75,93,855,81,156,84,1,-1,-1,-1
75,97,1757,813,145,136,1,-1,-1,-1
75,109,465,684,276,137,1,-1,-1,-1
75,137,1309,150,157,76,1,-1,-1,-1
76,9,762,833,94,62,1,-1,-1,-1
76,17,150,276,173,97,1,-1,-1,-1
76,33,1322,11,568,130,1,-1,-1,-1
76,91,618,458,249,131,1,-1,-1,-1
76,92,1007,225,163,91,1,-1,-1,-1
76,93,849,82,156,84,1,-1,-1,-1
76,97,1761,820,141,136,1,-1,-1,-1
76,109,461,689,280,140,1,-1,-1,-1
76,137,1296,152,157,76,1,-1,-1,-1
77,9,761,841,94,62,1,-1,-1,-1
77,17,169,281,173,97,1,-1,-1,-1
77,33,1324,14,568,130,1,-1,-1,-1
77,91,633,460,249,131,1,-1,-1,-1
77,92,1007,228,163,91,1,-1,-1,-1
77,93,844,83,155,84,1,-1,-1,-1
77,109,457,694,284,143,1,-1,-1,-1
77,137,1282,153,157,76,1,-1,-1,-1
78,9,760,848,94,63,1,-1,-1,-1
78,17,188,287,173,97,1,-1,-1,-1
78,33,1327,16,566,130,1,-1,-1,-1
78,91,649,462,248,131,1,-1,-1,-1
78,92,1007,231,163,91,1,-1,-1,-1
78,93,838,84,155,84,1,-1,-1,-1
78,109,453,699,288,146,1,-1,-1,-1
78,137,1269,155,157,76,1,-1,-1,-1
79,9,759,856,94,64,1,-1,-1,-1
79,17,207,294,173,97,1,-1,-1,-1
79,33,1329,18,565,130,1,-1,-1,-1
79,91,665,464,247,131,1,-1,-1,-1
79,92,1007,234,163,91,1,-1,-1,-1
79,93,833,85,155,84,1,-1,-1,-1
79,109,453,704,288,146,1,-1,-1,-1
79,137,1260,155,157,78,1,-1,-1,-1
80,9,761,862,94,64,1,-1,-1,-1
80,17,233,298,172,97,1,-1,-1,-1
80,33,1331,21,565,130,1,-1,-1,-1
80,91,682,466,245,131,1,-1,-1,-1
80,92,1011,236,164,92,1,-1,-1,-1
80,93,832,85,155,84,1,-1,-1,-1
80,109,453,710,288,146,1,-1,-1,-1
80,137,1252,156,156,79,1,-1,-1,-1
81,9,763,868,94,64,1,-1,-1,-1
81,17,259,302,172,97,1,-1,-1,-1
81,33,1333,23,564,130,1,-1,-1,-1
81,91,698,468,244,131,1,-1,-1,-1
81,92,1016,239,165,93,1,-1,-1,-1
81,93,832,86,155,84,1,-1,-1,-1
81,109,453,716,288,146,1,-1,-1,-1
81,137,1244,156,156,82,1,-1,-1,-1
82,9,766,874,94,64,1,-1,-1,-1
82,17,285,306,172,97,1,-1,-1,-1
82,33,1336,25,562,130,1,-1,-1,-1
82,91,715,470,242,131,1,-1,-1,-1
82,92,1021,242,166,94,1,-1,-1,-1
82,93,832,87,155,84,1,-1,-1,-1
82,109,453,721,288,146,1,-1,-1,-1
82,137,1236,157,155,83,1,-1,-1,-1
83,9,768,880,94,64,1,-1,-1,-1
83,17,311,309,172,97,1,-1,-1,-1
83,33,1338,28,562,130,1,-1,-1,-1
83,91,731,472,241,131,1,-1,-1,-1
83,92,1025,245,168,94,1,-1,-1,-1
83,93,832,88,155,84,1,-1,-1,-1
83,109,453,727,288,146,1,-1,-1,-1
83,137,1228,157,154,85,1,-1,-1,-1
84,9,771,886,94,64,1,-1,-1,-1
84,17,337,313,172,97,1,-1,-1,-1
84,33,1340,30,561,130,1,-1,-1,-1
84,91,748,475,239,130,1,-1,-1,-1
84,92,1030,247,168,96,1,-1,-1,-1
84,93,832,89,155,84,1,-1,-1,-1
84,109,454,733,288,146,1,-1,-1,-1
84,137,1220,158,154,87,1,-1,-1,-1
85,9,773,892,94,64,1,-1,-1,-1
85,17,363,316,172,97,1,-1,-1,-1
85,33,1343,33,560,130,1,-1,-1,-1
85,91,769,478,240,130,1,-1,-1,-1
85,92,1035,250,169,97,1,-1,-1,-1
85,93,837,90,155,85,1,-1,-1,-1
85,109,457,737,288,146,1,-1,-1,-1
85,137,1215,159,155,86,1,-1,-1,-1
86,9,775,898,94,64,1,-1,-1,-1
86,17,389,320,172,97,1,-1,-1,-1
86,33,1349,34,554,130,1,-1,-1,-1
86,91,790,481,241,130,1,-1,-1,-1
86,92,1039,253,171,97,1,-1,-1,-1
86,93,843,92,155,85,1,-1,-1,-1
86,109,461,741,288,146,1,-1,-1,-1
86,137,1210,160,156,85,1,-1,-1,-1
87,9,778,904,94,64,1,-1,-1,-1
87,17,420,323,173,97,1,-1,-1,-1
87,33,1356,36,547,130,1,-1,-1,-1
87,91,811,484,242,130,1,-1,-1,-1
87,92,1044,256,172,98,1,-1,-1,-1
87,93,849,94,155,85,1,-1,-1,-1
87,109,464,745,288,146,1,-1,-1,-1
87,137,1205,161,157,85,1,-1,-1,-1
88,9,780,910,94,64,1,-1,-1,-1
88,17,452,326,173,97,1,-1,-1,-1
88,33,1363,38,540,130,1,-1,-1,-1
88,91,832,487,243,130,1,-1,-1,-1
88,92,1049,259,173,99,1,-1,-1,-1
88,93,855,96,155,85,1,-1,-1,-1
88,109,468,749,288,146,1,-1,-1,-1
88,137,1200,162,158,84,1,-1,-1,-1
89,9,783,916,94,64,1,-1,-1,-1
89,17,477,329,173,97,1,-1,-1,-1
89,33,1370,39,533,130,1,-1,-1,-1
89,91,851,490,243,130,1,-1,-1,-1
89,92,1052,260,174,101,1,-1,-1,-1
89,93,856,97,155,85,1,-1,-1,-1
89,109,471,753,288,146,1,-1,-1,-1
89,137,1195,163,159,84,1,-1,-1,-1
90,9,781,920,96,64,1,-1,-1,-1
90,17,503,333,173,97,1,-1,-1,-1
90,33,1377,41,526,130,1,-1,-1,-1
90,91,871,493,243,130,1,-1,-1,-1
90,92,1056,262,174,102,1,-1,-1,-1
90,93,858,98,155,85,1,-1,-1,-1
90,109,475,758,288,146,1,-1,-1,-1
90,137,1190,164,160,83,1,-1,-1,-1
91,9,780,925,98,64,1,-1,-1,-1
91,17,529,337,173,97,1,-1,-1,-1
91,33,1384,43,519,130,1,-1,-1,-1
91,91,891,496,243,130,1,-1,-1,-1
91,92,1059,264,175,103,1,-1,-1,-1
91,93,860,99,155,85,1,-1,-1,-1
91,109,474,761,288,146,1,-1,-1,-1
91,137,1185,165,161,83,1,-1,-1,-1
92,9,778,930,101,64,1,-1,-1,-1
92,17,555,341,173,97,1,-1,-1,-1
92,33,1384,44,518,132,1,-1,-1,-1
92,91,910,499,243,130,1,-1,-1,-1
92,92,1063,266,176,104,1,-1,-1,-1
92,93,861,100,155,85,1,-1,-1,-1
92,109,474,765,288,146,1,-1,-1,-1
92,137,1180,166,162,82,1,-1,-1,-1
93,9,777,935,102,64,1,-1,-1,-1
93,17,581,345,173,97,1,-1,-1,-1
93,33,1385,45,517,134,1,-1,-1,-1
93,91,930,502,243,130,1,-1,-1,-1
93,92,1066,268,177,105,1,-1,-1,-1
93,93,863,101,155,85,1,-1,-1,-1
93,109,473,769,288,146,1,-1,-1,-1
93,137,1175,168,164,81,1,-1,-1,-1
94,9,775,940,105,64,1,-1,-1,-1
94,17,607,349,173,97,1,-1,-1,-1
94,33,1386,47,516,135,1,-1,-1,-1
94,91,950,505,243,130,1,-1,-1,-1
94,92,1070,270,177,106,1,-1,-1,-1
94,93,865,102,155,85,1,-1,-1,-1
94,109,473,772,288,146,1,-1,-1,-1
94,137,1167,168,164,81,1,-1,-1,-1
95,9,774,945,107,64,1,-1,-1,-1
95,17,630,353,172,100,1,-1,-1,-1
95,33,1387,48,515,137,1,-1,-1,-1
95,91,969,508,243,130,1,-1,-1,-1
95,92,1074,272,178,107,1,-1,-1,-1
95,93,867,103,155,85,1,-1,-1,-1
95,109,472,776,288,146,1,-1,-1,-1
95,137,1160,168,164,81,1,-1,-1,-1
96,9,773,950,109,64,1,-1,-1,-1
96,17,653,358,172,103,1,-1,-1,-1
96,33,1388,50,514,139,1,-1,-1,-1
96,91,989,511,243,130,1,-1,-1,-1
96,92,1072,273,178,107,1,-1,-1,-1
96,93,864,103,155,85,1,-1,-1,-1
96,109,472,780,288,146,1,-1,-1,-1
96,137,1152,168,164,81,1,-1,-1,-1
97,9,771,956,109,63,1,-1,-1,-1
97,17,676,362,172,103,1,-1,-1,-1
97,33,1388,51,513,141,1,-1,-1,-1
97,91,1009,514,243,130,1,-1,-1,-1
97,92,1071,274,178,107,1,-1,-1,-1
97,93,861,103,155,85,1,-1,-1,-1
97,109,472,784,288,146,1,-1,-1,-1
97,137,1145,168,164,81,1,-1,-1,-1
98,9,769,962,109,63,1,-1,-1,-1
98,17,700,366,172,103,1,-1,-1,-1
98,33,1389,52,512,143,1,-1,-1,-1
98,91,1029,518,243,130,1,-1,-1,-1
98,92,1070,275,178,107,1,-1,-1,-1
98,93,859,104,155,85,1,-1,-1,-1
98,109,465,786,293,149,1,-1,-1,-1
98,137,1137,168,164,81,1,-1,-1,-1
99,9,767,968,110,63,1,-1,-1,-1
99,17,724,370,172,103,1,-1,-1,-1
99,33,1390,54,511,144,1,-1,-1,-1
99,91,1048,520,245,131,1,-1,-1,-1
99,92,1069,276,178,107,1,-1,-1,-1
99,93,856,104,155,85,1,-1,-1,-1
99,109,458,789,298,151,1,-1,-1,-1
99,137,1130,168,164,81,1,-1,-1,-1
100,9,765,974,110,63,1,-1,-1,-1
100,17,746,373,172,103,1,-1,-1,-1
100,33,1391,55,510,146,1,-1,-1,-1
100,91,1067,522,247,132,1,-1,-1,-1
100,92,1068,277,178,107,1,-1,-1,-1
100,93,854,104,155,85,1,-1,-1,-1
100,109,452,792,303,154,1,-1,-1,-1
100,137,1122,168,164,81,1,-1,-1,-1
101,9,764,980,110,63,1,-1,-1,-1
101,17,768,376,172,103,1,-1,-1,-1
101,33,1392,57,509,148,1,-1,-1,-1
101,91,1087,525,248,132,1,-1,-1,-1
101,92,1067,278,178,107,1,-1,-1,-1
101,93,851,105,155,85,1,-1,-1,-1
101,109,450,795,303,154,1,-1,-1,-1
101,137,1115,168,164,81,1,-1,-1,-1
102,9,761,983,110,63,1,-1,-1,-1
102,17,790,380,172,103,1,-1,-1,-1
102,33,1391,56,509,149,1,-1,-1,-1
102,91,1106,527,250,133,1,-1,-1,-1
102,92,1066,280,178,106,1,-1,-1,-1
102,93,849,105,155,85,1,-1,-1,-1
102,109,449,799,303,154,1,-1,-1,-1
102,137,1108,168,164,81,1,-1,-1,-1
103,9,759,987,110,63,1,-1,-1,-1
103,17,815,384,172,103,1,-1,-1,-1
103,33,1390,56,509,149,1,-1,-1,-1
103,91,1126,530,251,134,1,-1,-1,-1
103,92,1065,280,179,106,1,-1,-1,-1
103,93,846,105,155,85,1,-1,-1,-1
103,109,447,803,303,154,1,-1,-1,-1
103,137,1103,167,164,81,1,-1,-1,-1
104,9,757,991,110,63,1,-1,-1,-1
104,17,840,389,172,103,1,-1,-1,-1
104,33,1389,56,509,149,1,-1,-1,-1
104,91,1145,532,253,135,1,-1,-1,-1
104,92,1065,281,179,106,1,-1,-1,-1
104,93,844,106,155,85,1,-1,-1,-1
104,109,446,807,303,154,1,-1,-1,-1
104,137,1098,167,164,81,1,-1,-1,-1
105,9,755,995,109,63,1,-1,-1,-1
105,17,865,394,172,103,1,-1,-1,-1
105,33,1388,56,509,149,1,-1,-1,-1
105,91,1165,535,254,135,1,-1,-1,-1
105,92,1065,282,179,106,1,-1,-1,-1
105,93,841,106,155,85,1,-1,-1,-1
105,109,445,808,303,154,1,-1,-1,-1
105,137,1093,166,164,81,1,-1,-1,-1
106,9,753,999,109,63,1,-1,-1,-1
106,17,890,399,172,103,1,-1,-1,-1
106,33,1387,56,509,149,1,-1,-1,-1
106,91,1184,537,256,136,1,-1,-1,-1
106,92,1065,283,180,105,1,-1,-1,-1
106,93,838,106,155,85,1,-1,-1,-1
106,109,444,809,304,154,1,-1,-1,-1
106,137,1088,166,164,81,1,-1,-1,-1
107,9,751,1003,109,63,1,-1,-1,-1
107,17,913,399,172,103,1,-1,-1,-1
107,33,1387,56,509,149,1,-1,-1,-1
107,91,1204,540,258,137,1,-1,-1,-1
107,92,1065,284,180,105,1,-1,-1,-1
107,93,836,107,155,85,1,-1,-1,-1
107,109,443,810,305,155,1,-1,-1,-1
107,137,1083,165,164,81,1,-1,-1,-1
108,9,750,1004,109,63,1,-1,-1,-1
108,17,937,400,172,103,1,-1,-1,-1
108,33,1386,56,509,149,1,-1,-1,-1
108,91,1228,543,259,137,1,-1,-1,-1
108,92,1065,285,180,105,1,-1,-1,-1
108,93,833,107,155,85,1,-1,-1,-1
108,109,442,812,305,154,1,-1,-1,-1
108,137,1078,165,164,81,1,-1,-1,-1
109,9,750,1006,109,63,1,-1,-1,-1
109,17,965,404,172,103,1,-1,-1,-1
109,33,1385,56,509,149,1,-1,-1,-1
109,91,1252,546,261,137,1,-1,-1,-1
109,92,1065,286,180,105,1,-1,-1,-1
109,93,831,107,155,85,1,-1,-1,-1
109,109,441,813,306,154,1,-1,-1,-1
109,137,1073,164,164,81,1,-1,-1,-1
110,9,749,1005,108,63,1,-1,-1,-1
110,17,993,408,172,103,1,-1,-1,-1
110,33,1384,56,509,149,1,-1,-1,-1
110,91,1276,549,262,137,1,-1,-1,-1
110,92,1065,287,181,104,1,-1,-1,-1
110,93,828,108,155,85,1,-1,-1,-1
110,109,440,814,307,155,1,-1,-1,-1
110,137,1068,164,164,81,1,-1,-1,-1
111,9,748,1005,107,63,1,-1,-1,-1
111,17,1021,412,172,103,1,-1,-1,-1
111,33,1383,56,509,149,1,-1,-1,-1
111,91,1300,552,264,137,1,-1,-1,-1
111,92,1065,288,181,104,1,-1,-1,-1
111,93,826,108,155,85,1,-1,-1,-1
111,109,439,816,307,154,1,-1,-1,-1
111,137,1063,163,164,81,1,-1,-1,-1
112,9,747,1004,106,64,1,-1,-1,-1
112,17,1048,415,174,103,1,-1,-1,-1
112,33,1383,56,509,149,1,-1,-1,-1
112,91,1324,555,266,137,1,-1,-1,-1
112,92,1065,289,181,104,1,-1,-1,-1
112,93,823,108,155,85,1,-1,-1,-1
112,109,438,817,308,154,1,-1,-1,-1
112,137,1058,163,164,81,1,-1,-1,-1
113,9,746,1004,106,64,1,-1,-1,-1
113,17,1076,418,176,103,1,-1,-1,-1
113,33,1383,55,515,149,1,-1,-1,-1
113,91,1348,558,267,137,1,-1,-1,-1
113,92,1065,290,182,104,1,-1,-1,-1
113,93,821,109,155,85,1,-1,-1,-1
113,109,437,818,309,155,1,-1,-1,-1
113,137,1053,162,164,81,1,-1,-1,-1
114,9,745,1005,106,63,1,-1,-1,-1
114,17,1103,421,178,103,1,-1,-1,-1
114,33,1386,55,512,149,1,-1,-1,-1
114,91,1372,561,269,137,1,-1,-1,-1
114,92,1066,291,182,103,1,-1,-1,-1
114,93,820,107,154,85,1,-1,-1,-1
114,109,436,819,309,155,1,-1,-1,-1
114,137,1049,162,164,81,1,-1,-1,-1
115,9,745,1006,106,62,1,-1,-1,-1
115,17,1131,424,180,103,1,-1,-1,-1
115,33,1389,56,509,149,1,-1,-1,-1
115,91,1397,565,270,136,1,-1,-1,-1
115,92,1067,292,183,103,1,-1,-1,-1
115,93,819,106,154,85,1,-1,-1,-1
115,109,436,821,309,154,1,-1,-1,-1
115,137,1047,161,164,81,1,-1,-1,-1
116,9,745,1007,106,61,1,-1,-1,-1
116,17,1159,428,182,103,1,-1,-1,-1
116,33,1392,57,507,148,1,-1,-1,-1
116,91,1426,568,270,137,1,-1,-1,-1
116,92,1068,293,184,103,1,-1,-1,-1
116,93,819,104,153,85,1,-1,-1,-1
116,109,435,822,310,155,1,-1,-1,-1
116,137,1046,161,164,81,1,-1,-1,-1
117,9,744,1008,106,60,1,-1,-1,-1
117,17,1188,431,184,103,1,-1,-1,-1
117,33,1395,57,504,149,1,-1,-1,-1
117,91,1456,572,270,137,1,-1,-1,-1
117,92,1069,294,184,103,1,-1,-1,-1
117,93,818,103,153,85,1,-1,-1,-1
117,109,434,823,310,155,1,-1,-1,-1
117,137,1045,161,164,81,1,-1,-1,-1
118,9,744,1009,106,59,1,-1,-1,-1
118,17,1218,435,186,102,1,-1,-1,-1
118,33,1398,58,501,149,1,-1,-1,-1
118,91,1485,575,270,138,1,-1,-1,-1
118,92,1070,295,185,103,1,-1,-1,-1
118,93,818,101,152,85,1,-1,-1,-1
118,109,433,825,311,154,1,-1,-1,-1
118,137,1044,161,164,81,1,-1,-1,-1
119,9,744,1010,106,58,1,-1,-1,-1
119,17,1248,439,188,101,1,-1,-1,-1
119,33,1401,59,499,148,1,-1,-1,-1
119,91,1515,579,270,138,1,-1,-1,-1
119,92,1072,296,185,103,1,-1,-1,-1
119,93,817,100,151,85,1,-1,-1,-1
119,109,432,826,312,155,1,-1,-1,-1
119,137,1042,161,164,81,1,-1,-1,-1
120,9,744,1011,106,57,1,-1,-1,-1
120,17,1278,441,188,103,1,-1,-1,-1
120,33,1404,60,496,148,1,-1,-1,-1
120,91,1545,583,269,138,1,-1,-1,-1
120,92,1073,297,186,103,1,-1,-1,-1
120,93,817,98,150,85,1,-1,-1,-1
120,109,431,827,312,155,1,-1,-1,-1
120,137,1041,161,164,81,1,-1,-1,-1
121,9,743,1012,106,56,1,-1,-1,-1
121,17,1309,443,188,105,1,-1,-1,-1
121,33,1407,60,493,149,1,-1,-1,-1
121,91,1574,586,270,139,1,-1,-1,-1
121,92,1074,298,186,103,1,-1,-1,-1
121,93,816,97,150,85,1,-1,-1,-1
121,109,430,828,313,155,1,-1,-1,-1
121,137,1040,161,164,81,1,-1,-1,-1
122,9,743,1013,106,55,1,-1,-1,-1
122,17,1340,445,188,107,1,-1,-1,-1
122,33,1410,61,491,148,1,-1,-1,-1
122,91,1604,590,269,139,1,-1,-1,-1
122,92,1075,299,187,103,1,-1,-1,-1
122,93,816,95,149,85,1,-1,-1,-1
122,109,429,830,314,155,1,-1,-1,-1
122,137,1039,161,164,81,1,-1,-1,-1
123,9,743,1014,106,54,1,-1,-1,-1
123,17,1375,448,188,107,1,-1,-1,-1
123,33,1413,62,488,148,1,-1,-1,-1
123,91,1634,594,269,139,1,-1,-1,-1
123,92,1076,300,188,103,1,-1,-1,-1
123,93,815,94,149,85,1,-1,-1,-1
123,109,428,831,314,155,1,-1,-1,-1
123,137,1038,161,164,81,1,-1,-1,-1
124,17,1410,452,188,107,1,-1,-1,-1
124,33,1416,62,485,149,1,-1,-1,-1
124,91,1656,594,246,139,1,-1,-1,-1
124,92,1078,301,188,103,1,-1,-1,-1
124,93,815,93,148,85,1,-1,-1,-1
124,109,427,832,315,155,1,-1,-1,-1
124,137,1036,161,164,81,1,-1,-1,-1
125,17,1445,456,188,107,1,-1,-1,-1
125,33,1419,63,483,148,1,-1,-1,-1
125,91,1692,598,210,139,1,-1,-1,-1
125,92,1079,301,188,104,1,-1,-1,-1
125,93,813,92,148,85,1,-1,-1,-1
125,109,427,834,315,155,1,-1,-1,-1
125,137,1035,161,164,81,1,-1,-1,-1
126,17,1474,462,192,106,1,-1,-1,-1
126,33,1422,64,480,148,1,-1,-1,-1
126,91,1729,603,173,139,1,-1,-1,-1
126,92,1080,302,188,105,1,-1,-1,-1
126,93,811,91,148,85,1,-1,-1,-1
126,109,426,835,315,155,1,-1,-1,-1
126,137,1034,161,164,81,1,-1,-1,-1
127,17,1504,468,196,106,1,-1,-1,-1
127,33,1425,65,478,148,1,-1,-1,-1
127,92,1081,303,188,105,1,-1,-1,-1
127,93,809,90,148,85,1,-1,-1,-1
127,109,425,836,315,155,1,-1,-1,-1
127,137,1033,161,164,81,1,-1,-1,-1
128,17,1534,474,200,106,1,-1,-1,-1
128,33,1425,65,478,148,1,-1,-1,-1
128,92,1083,304,188,106,1,-1,-1,-1
128,93,808,89,148,85,1,-1,-1,-1
128,109,425,837,315,155,1,-1,-1,-1
128,137,1031,161,164,81,1,-1,-1,-1
129,17,1565,476,203,107,1,-1,-1,-1
129,20,1771,395,132,88,1,-1,-1,-1
129,33,1426,66,477,148,1,-1,-1,-1
129,92,1084,305,188,106,1,-1,-1,-1
129,93,806,89,148,85,1,-1,-1,-1
129,109,424,838,315,155,1,-1,-1,-1
129,137,1030,161,164,81,1,-1,-1,-1
130,17,1596,478,206,109,1,-1,-1,-1
130,20,1762,394,141,88,1,-1,-1,-1
130,33,1427,67,476,148,1,-1,-1,-1
130,92,1085,306,188,107,1,-1,-1,-1
130,93,804,88,148,85,1,-1,-1,-1
130,109,423,839,315,155,1,-1,-1,-1
130,137,1029,161,164,81,1,-1,-1,-1
131,17,1628,481,209,110,1,-1,-1,-1
131,20,1753,393,150,88,1,-1,-1,-1
131,21,156,0,121,65,1,-1,-1,-1
131,33,1428,67,475,148,1,-1,-1,-1
131,92,1087,306,188,108,1,-1,-1,-1
131,93,803,87,148,85,1,-1,-1,-1
131,109,423,840,315,155,1,-1,-1,-1
131,137,1028,161,164,81,1,-1,-1,-1
132,17,1667,490,210,110,1,-1,-1,-1
132,20,1744,392,159,88,1,-1,-1,-1
132,21,153,1,121,65,1,-1,-1,-1
132,33,1428,68,475,148,1,-1,-1,-1
132,92,1088,307,188,109,1,-1,-1,-1
132,93,801,86,148,85,1,-1,-1,-1
132,109,422,841,315,155,1,-1,-1,-1
132,137,1027,161,164,81,1,-1,-1,-1
133,17,1698,495,204,109,1,-1,-1,-1
133,20,1735,392,168,88,1,-1,-1,-1
133,21,151,2,121,66,1,-1,-1,-1
133,33,1429,69,474,148,1,-1,-1,-1
133,92,1089,308,188,109,1,-1,-1,-1
133,93,799,86,148,85,1,-1,-1,-1
133,109,422,842,315,155,1,-1,-1,-1
133,137,1025,161,164,81,1,-1,-1,-1
134,17,1736,498,166,109,1,-1,-1,-1
134,20,1726,391,177,88,1,-1,-1,-1
134,21,149,3,121,67,1,-1,-1,-1
134,33,1430,69,473,148,1,-1,-1,-1
134,92,1091,309,188,110,1,-1,-1,-1
134,93,798,85,148,85,1,-1,-1,-1
134,109,421,843,315,155,1,-1,-1,-1
134,137,1024,161,164,81,1,-1,-1,-1
135,17,1767,501,136,109,1,-1,-1,-1
135,20,1717,390,186,88,1,-1,-1,-1
135,21,146,3,121,70,1,-1,-1,-1
135,33,1431,70,472,148,1,-1,-1,-1
135,92,1092,310,188,110,1,-1,-1,-1
135,93,796,84,148,85,1,-1,-1,-1
135,109,420,844,315,155,1,-1,-1,-1
135,137,1023,161,164,81,1,-1,-1,-1
136,20,1709,390,194,88,1,-1,-1,-1
136,21,143,3,121,73,1,-1,-1,-1
136,33,1431,71,472,148,1,-1,-1,-1
136,92,1093,311,188,111,1,-1,-1,-1
136,93,794,83,148,85,1,-1,-1,-1
136,109,420,845,315,155,1,-1,-1,-1
136,137,1022,161,164,81,1,-1,-1,-1
137,20,1697,390,202,89,1,-1,-1,-1
137,21,140,4,121,76,1,-1,-1,-1
137,33,1432,71,471,148,1,-1,-1,-1
137,92,1095,312,188,112,1,-1,-1,-1
137,93,793,83,148,85,1,-1,-1,-1
137,109,419,846,315,155,1,-1,-1,-1
137,137,1021,161,164,81,1,-1,-1,-1
138,20,1685,390,210,91,1,-1,-1,-1
138,21,131,7,122,77,1,-1,-1,-1
138,33,1433,72,470,148,1,-1,-1,-1
138,92,1095,312,188,112,1,-1,-1,-1
138,93,789,81,147,85,1,-1,-1,-1
138,109,419,848,315,154,1,-1,-1,-1
138,137,1016,160,164,81,1,-1,-1,-1
139,20,1677,389,217,94,1,-1,-1,-1
139,21,122,10,124,79,1,-1,-1,-1
139,33,1434,73,469,148,1,-1,-1,-1
139,92,1095,312,188,112,1,-1,-1,-1
139,93,786,79,145,85,1,-1,-1,-1
139,109,418,849,315,154,1,-1,-1,-1
139,137,1012,160,164,81,1,-1,-1,-1
140,20,1669,389,225,97,1,-1,-1,-1
140,21,113,13,126,81,1,-1,-1,-1
140,33,1434,73,469,148,1,-1,-1,-1
140,92,1095,313,188,112,1,-1,-1,-1
140,93,782,77,144,85,1,-1,-1,-1
140,109,417,850,315,154,1,-1,-1,-1
140,137,1007,160,164,81,1,-1,-1,-1
141,20,1658,389,227,97,1,-1,-1,-1
141,21,104,16,128,83,1,-1,-1,-1
141,33,1435,74,468,148,1,-1,-1,-1
141,92,1095,313,188,112,1,-1,-1,-1
141,93,779,75,143,85,1,-1,-1,-1
141,109,417,851,315,154,1,-1,-1,-1
141,137,1003,159,164,81,1,-1,-1,-1
142,20,1647,388,229,97,1,-1,-1,-1
142,21,95,19,129,84,1,-1,-1,-1
142,33,1436,75,467,148,1,-1,-1,-1
142,92,1095,314,188,112,1,-1,-1,-1
142,93,776,73,141,85,1,-1,-1,-1
142,109,416,852,315,154,1,-1,-1,-1
142,137,998,159,164,81,1,-1,-1,-1
143,20,1636,387,231,97,1,-1,-1,-1
143,21,86,22,131,86,1,-1,-1,-1
143,33,1437,76,466,148,1,-1,-1,-1
143,92,1095,314,188,112,1,-1,-1,-1
143,93,772,71,140,85,1,-1,-1,-1
143,109,415,853,315,154,1,-1,-1,-1
143,137,994,159,164,81,1,-1,-1,-1
144,20,1626,387,232,97,1,-1,-1,-1
144,21,77,25,133,88,1,-1,-1,-1
144,33,1437,75,466,148,1,-1,-1,-1
144,92,1095,315,188,112,1,-1,-1,-1
144,93,769,70,139,85,1,-1,-1,-1
144,109,415,854,315,154,1,-1,-1,-1
144,137,989,158,164,81,1,-1,-1,-1
145,20,1615,386,234,97,1,-1,-1,-1
145,21,68,28,135,90,1,-1,-1,-1
145,33,1437,75,466,148,1,-1,-1,-1
145,92,1095,315,188,112,1,-1,-1,-1
145,93,765,68,138,85,1,-1,-1,-1
145,109,414,855,315,154,1,-1,-1,-1
145,137,985,158,164,81,1,-1,-1,-1
146,20,1604,385,236,97,1,-1,-1,-1
146,21,60,32,136,91,1,-1,-1,-1
146,33,1437,75,466,148,1,-1,-1,-1
146,92,1095,316,188,112,1,-1,-1,-1
146,93,762,66,136,85,1,-1,-1,-1
146,109,414,856,315,154,1,-1,-1,-1
146,137,980,158,164,81,1,-1,-1,-1
147,20,1594,385,237,97,1,-1,-1,-1
147,21,52,38,137,91,1,-1,-1,-1
147,33,1438,74,465,148,1,-1,-1,-1
147,92,1095,316,188,112,1,-1,-1,-1
147,93,759,64,135,85,1,-1,-1,-1
147,109,413,857,315,154,1,-1,-1,-1
147,137,976,157,164,81,1,-1,-1,-1
148,20,1583,384,239,97,1,-1,-1,-1
148,21,45,44,137,91,1,-1,-1,-1
148,33,1438,74,465,148,1,-1,-1,-1
148,92,1095,316,188,112,1,-1,-1,-1
148,93,755,62,134,85,1,-1,-1,-1
148,109,412,858,315,154,1,-1,-1,-1
148,137,971,157,164,81,1,-1,-1,-1
149,20,1573,384,240,97,1,-1,-1,-1
149,21,37,49,139,91,1,-1,-1,-1
149,33,1438,74,465,148,1,-1,-1,-1
149,92,1095,317,188,112,1,-1,-1,-1
149,93,752,60,132,85,1,-1,-1,-1
149,109,412,859,315,154,1,-1,-1,-1
149,137,967,157,164,81,1,-1,-1,-1
150,20,1568,383,240,97,1,-1,-1,-1
150,21,29,55,141,91,1,-1,-1,-1
150,33,1438,74,465,148,1,-1,-1,-1
150,92,1095,317,188,112,1,-1,-1,-1
150,93,748,58,131,85,1,-1,-1,-1
150,109,411,860,315,154,1,-1,-1,-1
150,137,961,155,164,81,1,-1,-1,-1
151,20,1563,383,240,97,1,-1,-1,-1
151,21,21,61,143,91,1,-1,-1,-1
151,33,1439,73,464,148,1,-1,-1,-1
151,92,1095,318,188,112,1,-1,-1,-1
151,93,745,57,130,85,1,-1,-1,-1
151,109,411,862,315,154,1,-1,-1,-1
151,137,956,153,163,81,1,-1,-1,-1
152,20,1558,382,240,97,1,-1,-1,-1
152,21,15,64,143,91,1,-1,-1,-1
152,33,1439,73,464,148,1,-1,-1,-1
152,92,1095,318,188,112,1,-1,-1,-1
152,93,742,55,128,85,1,-1,-1,-1
152,109,410,862,316,153,1,-1,-1,-1
152,137,950,151,163,81,1,-1,-1,-1
153,20,1554,382,239,97,1,-1,-1,-1
153,21,10,67,143,91,1,-1,-1,-1
153,33,1439,73,464,148,1,-1,-1,-1
153,92,1095,319,188,112,1,-1,-1,-1
153,93,738,53,127,85,1,-1,-1,-1
153,109,410,862,316,153,1,-1,-1,-1
153,137,945,149,162,81,1,-1,-1,-1
154,20,1549,382,240,97,1,-1,-1,-1
154,21,5,70,143,91,1,-1,-1,-1
154,33,1439,73,464,148,1,-1,-1,-1
154,92,1095,319,188,112,1,-1,-1,-1
154,93,735,51,126,85,1,-1,-1,-1
154,109,409,862,317,153,1,-1,-1,-1
154,137,940,148,161,80,1,-1,-1,-1
155,20,1544,381,240,97,1,-1,-1,-1
155,21,2,74,143,91,1,-1,-1,-1
155,33,1440,72,463,148,1,-1,-1,-1
155,92,1095,320,188,112,1,-1,-1,-1
155,93,731,49,125,85,1,-1,-1,-1
155,109,409,862,317,153,1,-1,-1,-1
155,137,934,146,161,80,1,-1,-1,-1
156,20,1540,381,239,97,1,-1,-1,-1
156,21,0,78,142,91,1,-1,-1,-1
156,33,1440,72,463,148,1,-1,-1,-1
156,92,1095,320,188,112,1,-1,-1,-1
156,93,728,47,123,85,1,-1,-1,-1
156,109,409,862,317,153,1,-1,-1,-1
156,137,929,144,160,80,1,-1,-1,-1
157,20,1535,381,239,97,1,-1,-1,-1
157,21,0,79,133,96,1,-1,-1,-1
157,33,1440,72,463,148,1,-1,-1,-1
157,92,1095,321,188,112,1,-1,-1,-1
157,93,725,46,122,85,1,-1,-1,-1
157,109,408,862,318,153,1,-1,-1,-1
157,137,924,142,159,80,1,-1,-1,-1
158,20,1530,380,239,97,1,-1,-1,-1
158,21,0,81,124,100,1,-1,-1,-1
158,33,1440,72,463,148,1,-1,-1,-1
158,92,1094,320,188,112,1,-1,-1,-1
158,93,720,43,122,85,1,-1,-1,-1
158,109,408,862,318,153,1,-1,-1,-1
158,137,918,140,159,80,1,-1,-1,-1
159,20,1525,380,240,97,1,-1,-1,-1
159,21,0,84,115,100,1,-1,-1,-1
159,33,1441,71,462,148,1,-1,-1,-1
159,92,1093,320,188,112,1,-1,-1,-1
159,93,716,40,122,85,1,-1,-1,-1
159,109,407,862,319,153,1,-1,-1,-1
159,137,913,139,158,80,1,-1,-1,-1
160,20,1521,380,239,97,1,-1,-1,-1
160,21,0,88,106,100,1,-1,-1,-1
160,33,1441,71,462,148,1,-1,-1,-1
160,92,1093,319,188,112,1,-1,-1,-1
160,93,711,37,122,85,1,-1,-1,-1
160,109,407,862,319,153,1,-1,-1,-1
160,137,908,137,157,80,1,-1,-1,-1
161,20,1516,379,239,97,1,-1,-1,-1
161,21,0,101,96,100,1,-1,-1,-1
161,33,1441,71,462,148,1,-1,-1,-1
161,92,1092,319,188,112,1,-1,-1,-1
161,93,707,34,122,85,1,-1,-1,-1
161,109,407,862,319,153,1,-1,-1,-1
161,137,902,135,157,80,1,-1,-1,-1
162,20,1511,379,239,97,1,-1,-1,-1
162,21,0,105,89,100,1,-1,-1,-1
162,33,1441,71,462,148,1,-1,-1,-1
162,92,1092,318,188,112,1,-1,-1,-1
162,93,703,31,122,85,1,-1,-1,-1
162,109,406,862,320,153,1,-1,-1,-1
162,137,897,133,156,80,1,-1,-1,-1
163,20,1507,379,239,97,1,-1,-1,-1
163,21,0,109,82,100,1,-1,-1,-1
163,33,1442,70,461,148,1,-1,-1,-1
163,92,1091,318,188,112,1,-1,-1,-1
163,93,698,28,122,85,1,-1,-1,-1
163,109,406,862,320,153,1,-1,-1,-1
163,137,892,131,155,80,1,-1,-1,-1
164,20,1505,377,238,97,1,-1,-1,-1
164,21,0,109,77,100,1,-1,-1,-1
164,33,1442,70,461,148,1,-1,-1,-1
164,92,1091,318,188,112,1,-1,-1,-1
164,93,694,26,122,85,1,-1,-1,-1
164,109,405,862,321,153,1,-1,-1,-1
164,137,886,130,155,79,1,-1,-1,-1
165,20,1503,376,238,97,1,-1,-1,-1
165,33,1442,70,461,148,1,-1,-1,-1
165,92,1090,317,188,112,1,-1,-1,-1
165,93,689,23,122,85,1,-1,-1,-1
165,109,405,862,321,153,1,-1,-1,-1
165,137,881,128,154,79,1,-1,-1,-1
166,20,1501,375,238,97,1,-1,-1,-1
166,33,1443,70,460,148,1,-1,-1,-1
166,92,1089,317,188,112,1,-1,-1,-1
166,93,685,20,122,85,1,-1,-1,-1
166,109,405,862,321,153,1,-1,-1,-1
166,137,876,126,153,79,1,-1,-1,-1
167,20,1499,374,237,97,1,-1,-1,-1
167,33,1443,69,460,148,1,-1,-1,-1
167,92,1089,316,188,112,1,-1,-1,-1
167,93,681,17,122,85,1,-1,-1,-1
167,109,404,862,322,153,1,-1,-1,-1
167,137,870,124,153,79,1,-1,-1,-1
168,20,1497,373,237,97,1,-1,-1,-1
168,33,1443,69,460,148,1,-1,-1,-1
168,92,1088,316,188,112,1,-1,-1,-1
168,93,676,14,122,85,1,-1,-1,-1
168,109,404,862,322,153,1,-1,-1,-1
168,137,865,122,152,79,1,-1,-1,-1
169,20,1495,372,237,97,1,-1,-1,-1
169,33,1443,69,460,148,1,-1,-1,-1
169,92,1088,315,188,112,1,-1,-1,-1
169,93,672,11,122,85,1,-1,-1,-1
169,109,403,862,323,153,1,-1,-1,-1
169,137,860,121,152,79,1,-1,-1,-1
170,20,1493,371,236,97,1,-1,-1,-1
170,33,1443,69,460,148,1,-1,-1,-1
170,92,1087,315,188,112,1,-1,-1,-1
170,93,668,9,122,85,1,-1,-1,-1
170,109,403,862,323,153,1,-1,-1,-1
170,137,853,119,152,79,1,-1,-1,-1
171,20,1491,370,236,97,1,-1,-1,-1
171,33,1443,69,460,148,1,-1,-1,-1
171,92,1087,315,188,112,1,-1,-1,-1
171,93,667,7,118,81,1,-1,-1,-1
171,109,403,862,323,153,1,-1,-1,-1
171,137,847,117,152,79,1,-1,-1,-1
172,20,1489,369,236,97,1,-1,-1,-1
172,22,123,1,126,79,1,-1,-1,-1
172,33,1443,68,460,148,1,-1,-1,-1
172,92,1087,315,188,112,1,-1,-1,-1
172,93,666,5,114,77,1,-1,-1,-1
172,109,402,862,324,153,1,-1,-1,-1
172,137,841,115,151,79,1,-1,-1,-1
173,20,1487,368,235,97,1,-1,-1,-1
173,22,118,0,125,79,1,-1,-1,-1
173,33,1443,68,460,148,1,-1,-1,-1
173,92,1087,315,188,112,1,-1,-1,-1
173,93,665,3,110,74,1,-1,-1,-1
173,109,402,862,324,153,1,-1,-1,-1
173,137,835,113,151,79,1,-1,-1,-1
173,138,1,673,181,188,1,-1,-1,-1
174,20,1485,367,235,97,1,-1,-1,-1
174,22,113,0,124,82,1,-1,-1,-1
174,33,1443,68,460,148,1,-1,-1,-1
174,92,1087,315,188,112,1,-1,-1,-1
174,93,664,1,106,70,1,-1,-1,-1
174,109,401,862,325,153,1,-1,-1,-1
174,137,829,111,150,79,1,-1,-1,-1
174,138,0,665,200,188,1,-1,-1,-1
175,20,1484,366,234,97,1,-1,-1,-1
175,22,108,0,124,85,1,-1,-1,-1
175,33,1443,68,460,148,1,-1,-1,-1
175,92,1087,316,188,112,1,-1,-1,-1
175,93,663,0,103,66,1,-1,-1,-1
175,109,401,862,325,153,1,-1,-1,-1
175,137,823,109,150,79,1,-1,-1,-1
175,138,0,657,218,189,1,-1,-1,-1
176,20,1483,366,234,97,1,-1,-1,-1
176,22,98,2,122,91,1,-1,-1,-1
176,33,1443,68,460,148,1,-1,-1,-1
176,92,1087,316,188,112,1,-1,-1,-1
176,93,660,0,103,64,1,-1,-1,-1
176,109,401,862,325,153,1,-1,-1,-1
176,137,816,107,150,79,1,-1,-1,-1
176,138,0,649,236,190,1,-1,-1,-1
177,20,1483,367,234,97,1,-1,-1,-1
177,22,88,7,127,91,1,-1,-1,-1
177,33,1443,67,460,148,1,-1,-1,-1
177,92,1087,316,188,112,1,-1,-1,-1
177,93,657,0,103,63,1,-1,-1,-1
177,109,400,862,326,153,1,-1,-1,-1
177,137,810,105,150,79,1,-1,-1,-1
177,138,0,641,254,191,1,-1,-1,-1
178,20,1483,368,234,97,1,-1,-1,-1
178,22,78,13,132,91,1,-1,-1,-1
178,33,1443,67,460,148,1,-1,-1,-1
178,92,1087,316,188,112,1,-1,-1,-1
178,93,655,0,103,61,1,-1,-1,-1
178,109,400,862,326,153,1,-1,-1,-1
178,137,804,103,149,79,1,-1,-1,-1
178,138,0,634,275,190,1,-1,-1,-1
179,20,1483,369,233,97,1,-1,-1,-1
179,22,69,19,136,91,1,-1,-1,-1
179,33,1443,67,460,148,1,-1,-1,-1
179,92,1088,317,188,112,1,-1,-1,-1
179,93,652,0,103,60,1,-1,-1,-1
179,109,400,863,327,152,1,-1,-1,-1
179,137,798,101,149,79,1,-1,-1,-1
179,138,0,627,296,190,1,-1,-1,-1
180,20,1482,370,234,97,1,-1,-1,-1
180,22,60,23,137,91,1,-1,-1,-1
180,33,1443,67,460,148,1,-1,-1,-1
180,92,1088,317,188,112,1,-1,-1,-1
180,93,649,0,103,58,1,-1,-1,-1
180,109,399,865,327,152,1,-1,-1,-1
180,137,792,99,148,79,1,-1,-1,-1
180,138,17,624,297,190,1,-1,-1,-1
181,20,1482,371,234,97,1,-1,-1,-1
181,22,52,27,137,91,1,-1,-1,-1
181,33,1443,67,460,148,1,-1,-1,-1
181,92,1088,317,188,112,1,-1,-1,-1
181,109,398,867,327,152,1,-1,-1,-1
181,137,786,98,148,79,1,-1,-1,-1
181,138,34,618,296,188,1,-1,-1,-1
182,20,1482,371,234,97,1,-1,-1,-1
182,22,44,31,137,92,1,-1,-1,-1
182,33,1444,66,459,148,1,-1,-1,-1
182,92,1088,317,188,112,1,-1,-1,-1
182,109,398,869,327,152,1,-1,-1,-1
182,137,780,96,148,79,1,-1,-1,-1
182,138,52,613,295,185,1,-1,-1,-1
183,20,1482,372,233,97,1,-1,-1,-1
183,22,35,35,138,92,1,-1,-1,-1
183,33,1444,66,459,148,1,-1,-1,-1
183,92,1088,318,188,112,1,-1,-1,-1
183,109,397,871,327,152,1,-1,-1,-1
183,137,775,94,147,79,1,-1,-1,-1
183,138,70,607,294,183,1,-1,-1,-1
184,20,1481,373,234,97,1,-1,-1,-1
184,22,27,39,138,93,1,-1,-1,-1
184,33,1444,66,459,148,1,-1,-1,-1
184,92,1088,318,188,112,1,-1,-1,-1
184,109,397,873,327,152,1,-1,-1,-1
184,137,770,93,146,78,1,-1,-1,-1
184,138,87,602,294,180,1,-1,-1,-1
185,20,1481,374,234,97,1,-1,-1,-1
185,22,19,43,138,93,1,-1,-1,-1
185,33,1444,66,459,148,1,-1,-1,-1
185,92,1088,318,188,112,1,-1,-1,-1
185,109,396,875,327,152,1,-1,-1,-1
185,137,764,91,146,79,1,-1,-1,-1
185,138,105,596,293,179,1,-1,-1,-1
186,20,1481,375,234,97,1,-1,-1,-1
186,22,11,48,139,93,1,-1,-1,-1
186,33,1444,66,459,148,1,-1,-1,-1
186,92,1088,318,188,112,1,-1,-1,-1
186,109,395,877,327,152,1,-1,-1,-1
186,137,759,89,145,79,1,-1,-1,-1
186,138,123,591,292,176,1,-1,-1,-1
187,20,1481,376,233,97,1,-1,-1,-1
187,22,5,53,139,96,1,-1,-1,-1
187,33,1444,65,459,148,1,-1,-1,-1
187,92,1089,319,188,112,1,-1,-1,-1
187,109,395,879,327,152,1,-1,-1,-1
187,137,754,88,144,78,1,-1,-1,-1
187,138,140,585,292,174,1,-1,-1,-1
188,20,1481,377,233,97,1,-1,-1,-1
188,22,0,58,139,100,1,-1,-1,-1
188,33,1444,65,459,148,1,-1,-1,-1
188,92,1088,320,188,112,1,-1,-1,-1
188,109,394,881,327,152,1,-1,-1,-1
188,137,748,86,144,78,1,-1,-1,-1
188,138,158,580,291,171,1,-1,-1,-1
189,20,1480,377,234,97,1,-1,-1,-1
189,22,0,62,131,100,1,-1,-1,-1
189,33,1444,65,459,148,1,-1,-1,-1
189,92,1088,321,188,112,1,-1,-1,-1
189,109,394,883,327,152,1,-1,-1,-1
189,137,743,84,143,79,1,-1,-1,-1
189,138,176,575,290,169,1,-1,-1,-1
190,20,1480,378,233,97,1,-1,-1,-1
190,22,0,66,124,100,1,-1,-1,-1
190,23,1,213,119,115,1,-1,-1,-1
190,33,1444,65,459,148,1,-1,-1,-1
190,92,1088,323,188,112,1,-1,-1,-1
190,109,393,885,327,152,1,-1,-1,-1
190,137,738,83,142,78,1,-1,-1,-1
190,138,195,573,288,166,1,-1,-1,-1
191,20,1480,379,233,97,1,-1,-1,-1
191,22,0,69,115,103,1,-1,-1,-1
191,23,0,206,130,114,1,-1,-1,-1
191,33,1444,65,459,148,1,-1,-1,-1
191,92,1088,324,188,112,1,-1,-1,-1
191,109,392,887,327,152,1,-1,-1,-1
191,137,732,81,142,78,1,-1,-1,-1
191,138,214,571,286,164,1,-1,-1,-1
192,20,1480,380,233,97,1,-1,-1,-1
192,22,0,72,106,106,1,-1,-1,-1
192,23,0,200,140,113,1,-1,-1,-1
192,33,1444,64,459,148,1,-1,-1,-1
192,92,1088,325,188,112,1,-1,-1,-1
192,109,392,889,327,152,1,-1,-1,-1
192,137,727,79,141,78,1,-1,-1,-1
192,138,233,569,284,162,1,-1,-1,-1
193,20,1479,381,234,97,1,-1,-1,-1
193,22,0,81,97,104,1,-1,-1,-1
193,23,0,191,148,110,1,-1,-1,-1
193,33,1444,64,459,148,1,-1,-1,-1
193,92,1088,327,188,112,1,-1,-1,-1
193,109,391,891,327,152,1,-1,-1,-1
193,137,722,78,140,78,1,-1,-1,-1
193,138,252,567,282,159,1,-1,-1,-1
194,20,1479,382,233,97,1,-1,-1,-1
194,22,0,85,90,104,1,-1,-1,-1
194,23,1,181,156,110,1,-1,-1,-1
194,33,1444,64,459,148,1,-1,-1,-1
194,92,1088,328,188,112,1,-1,-1,-1
194,109,391,893,327,152,1,-1,-1,-1
194,137,717,76,139,78,1,-1,-1,-1
194,138,271,565,280,157,1,-1,-1,-1
195,20,1479,382,233,97,1,-1,-1,-1
195,23,2,172,164,109,1,-1,-1,-1
195,33,1444,64,459,148,1,-1,-1,-1
195,92,1088,330,188,112,1,-1,-1,-1
195,109,390,895,327,152,1,-1,-1,-1
195,137,712,75,138,78,1,-1,-1,-1
195,138,290,563,278,155,1,-1,-1,-1
196,20,1479,383,233,97,1,-1,-1,-1
196,23,14,165,164,109,1,-1,-1,-1
196,33,1444,64,459,148,1,-1,-1,-1
196,92,1088,331,188,112,1,-1,-1,-1
196,109,389,897,327,152,1,-1,-1,-1
196,137,707,73,137,78,1,-1,-1,-1
196,138,309,561,276,152,1,-1,-1,-1
197,20,1478,384,234,97,1,-1,-1,-1
197,23,27,158,164,109,1,-1,-1,-1
197,33,1445,64,458,148,1,-1,-1,-1
197,92,1088,332,188,112,1,-1,-1,-1
197,109,389,899,327,152,1,-1,-1,-1
197,137,702,72,136,78,1,-1,-1,-1
197,138,328,559,274,150,1,-1,-1,-1
198,20,1478,385,233,97,1,-1,-1,-1
198,23,37,151,164,106,1,-1,-1,-1
198,33,1444,63,458,155,1,-1,-1,-1
198,92,1088,334,188,112,1,-1,-1,-1
198,109,388,901,327,152,1,-1,-1,-1
198,137,698,70,135,78,1,-1,-1,-1
198,138,347,557,272,148,1,-1,-1,-1
199,20,1478,386,233,97,1,-1,-1,-1
199,23,47,145,164,103,1,-1,-1,-1
199,33,1444,63,458,162,1,-1,-1,-1
199,92,1087,335,188,112,1,-1,-1,-1
199,109,388,904,327,151,1,-1,-1,-1
199,137,693,69,134,78,1,-1,-1,-1
199,138,367,556,269,145,1,-1,-1,-1
200,20,1478,387,233,97,1,-1,-1,-1
200,23,58,139,164,100,1,-1,-1,-1
200,33,1444,63,458,169,1,-1,-1,-1
200,92,1087,337,188,112,1,-1,-1,-1
200,109,384,907,331,149,1,-1,-1,-1
200,137,688,67,133,78,1,-1,-1,-1
200,138,386,556,269,143,1,-1,-1,-1
201,20,1478,388,233,97,1,-1,-1,-1
201,23,70,132,161,100,1,-1,-1,-1
201,33,1444,65,458,168,1,-1,-1,-1
201,92,1087,338,188,112,1,-1,-1,-1
201,109,381,910,334,148,1,-1,-1,-1
201,137,683,66,132,78,1,-1,-1,-1
201,138,406,556,269,142,1,-1,-1,-1
202,20,1478,389,233,97,1,-1,-1,-1
202,23,82,126,159,100,1,-1,-1,-1
202,33,1444,67,458,167,1,-1,-1,-1
202,92,1087,339,188,112,1,-1,-1,-1
202,109,378,914,337,146,1,-1,-1,-1
202,137,678,64,131,78,1,-1,-1,-1
202,138,426,556,268,140,1,-1,-1,-1
203,20,1479,391,232,97,1,-1,-1,-1
203,23,94,120,157,100,1,-1,-1,-1
203,33,1445,69,457,166,1,-1,-1,-1
203,92,1087,341,188,112,1,-1,-1,-1
203,109,375,917,340,145,1,-1,-1,-1
203,137,674,63,130,78,1,-1,-1,-1
203,138,446,556,268,139,1,-1,-1,-1
204,20,1479,393,232,97,1,-1,-1,-1
204,23,103,112,157,100,1,-1,-1,-1
204,33,1445,72,457,164,1,-1,-1,-1
204,92,1087,342,188,112,1,-1,-1,-1
204,109,372,920,343,144,1,-1,-1,-1
204,137,669,61,129,78,1,-1,-1,-1
204,138,466,556,268,137,1,-1,-1,-1
205,20,1480,395,232,97,1,-1,-1,-1
205,23,112,109,157,90,1,-1,-1,-1
205,24,192,1,109,63,1,-1,-1,-1
205,33,1445,74,457,164,1,-1,-1,-1
205,92,1087,344,188,112,1,-1,-1,-1
205,109,369,924,346,142,1,-1,-1,-1
205,137,664,60,128,78,1,-1,-1,-1
205,138,486,556,267,136,1,-1,-1,-1
206,20,1480,396,232,98,1,-1,-1,-1
206,23,125,102,152,89,1,-1,-1,-1
206,24,185,1,109,65,1,-1,-1,-1
206,33,1446,76,456,163,1,-1,-1,-1
206,92,1087,345,188,112,1,-1,-1,-1
206,109,367,928,346,138,1,-1,-1,-1
206,137,659,58,127,78,1,-1,-1,-1
206,138,506,556,267,134,1,-1,-1,-1
207,20,1481,398,231,98,1,-1,-1,-1
207,23,138,95,147,88,1,-1,-1,-1
207,24,179,1,108,68,1,-1,-1,-1
207,33,1446,79,456,161,1,-1,-1,-1
207,92,1087,346,188,112,1,-1,-1,-1
207,109,365,933,346,133,1,-1,-1,-1
207,137,654,57,126,78,1,-1,-1,-1
207,138,526,556,267,133,1,-1,-1,-1
208,20,1481,400,232,98,1,-1,-1,-1
208,23,151,88,142,88,1,-1,-1,-1
208,24,173,2,107,70,1,-1,-1,-1
208,33,1446,81,456,160,1,-1,-1,-1
208,92,1087,348,188,112,1,-1,-1,-1
208,109,363,937,346,129,1,-1,-1,-1
208,137,650,56,125,78,1,-1,-1,-1
208,138,549,557,266,133,1,-1,-1,-1
209,20,1482,402,231,98,1,-1,-1,-1
209,23,159,82,140,88,1,-1,-1,-1
209,24,168,1,107,74,1,-1,-1,-1
209,33,1447,83,455,159,1,-1,-1,-1
209,92,1087,349,188,112,1,-1,-1,-1
209,109,361,942,346,125,1,-1,-1,-1
209,137,646,55,124,78,1,-1,-1,-1
209,138,572,558,265,133,1,-1,-1,-1
210,20,1482,403,231,99,1,-1,-1,-1
210,23,167,76,138,88,1,-1,-1,-1
210,24,164,0,106,78,1,-1,-1,-1
210,33,1447,85,455,159,1,-1,-1,-1
210,92,1087,351,188,112,1,-1,-1,-1
210,109,359,946,346,121,1,-1,-1,-1
210,137,643,54,122,78,1,-1,-1,-1
210,138,595,560,264,132,1,-1,-1,-1
211,20,1483,405,231,99,1,-1,-1,-1
211,23,176,71,136,87,1,-1,-1,-1
211,24,160,0,106,81,1,-1,-1,-1
211,33,1447,88,455,157,1,-1,-1,-1
211,92,1086,351,189,113,1,-1,-1,-1
211,109,357,951,347,116,1,-1,-1,-1
211,137,640,53,121,78,1,-1,-1,-1
211,138,618,561,263,132,1,-1,-1,-1
212,20,1483,407,231,99,1,-1,-1,-1
212,23,185,66,136,87,1,-1,-1,-1
212,24,157,6,106,81,1,-1,-1,-1
212,33,1448,90,454,156,1,-1,-1,-1
212,92,1085,352,191,113,1,-1,-1,-1
212,109,355,956,347,111,1,-1,-1,-1
212,137,636,52,120,78,1,-1,-1,-1
212,138,641,563,263,132,1,-1,-1,-1
213,20,1484,409,230,99,1,-1,-1,-1
213,23,195,59,134,87,1,-1,-1,-1
213,24,150,8,110,83,1,-1,-1,-1
213,33,1448,92,454,155,1,-1,-1,-1
213,92,1085,353,192,113,1,-1,-1,-1
213,109,353,960,347,108,1,-1,-1,-1
213,137,633,51,118,78,1,-1,-1,-1
213,138,664,564,262,132,1,-1,-1,-1
214,20,1484,410,231,100,1,-1,-1,-1
214,23,205,53,132,87,1,-1,-1,-1
214,24,144,10,113,85,1,-1,-1,-1
214,33,1449,95,454,154,1,-1,-1,-1
214,92,1084,354,193,113,1,-1,-1,-1
214,109,351,965,347,103,1,-1,-1,-1
214,137,630,50,117,78,1,-1,-1,-1
214,138,687,565,261,132,1,-1,-1,-1
215,20,1485,412,230,100,1,-1,-1,-1
215,23,216,46,129,88,1,-1,-1,-1
215,24,137,13,117,86,1,-1,-1,-1
215,33,1449,94,454,155,1,-1,-1,-1
215,92,1084,355,194,113,1,-1,-1,-1
215,109,349,969,347,99,1,-1,-1,-1
215,137,626,49,116,78,1,-1,-1,-1
215,138,710,567,260,131,1,-1,-1,-1
216,20,1485,414,230,100,1,-1,-1,-1
216,23,226,40,127,88,1,-1,-1,-1
216,24,131,15,120,88,1,-1,-1,-1
216,33,1450,94,453,155,1,-1,-1,-1
216,92,1083,356,196,113,1,-1,-1,-1
216,109,347,974,347,94,1,-1,-1,-1
216,137,623,48,114,78,1,-1,-1,-1
216,138,733,568,259,131,1,-1,-1,-1
217,20,1486,416,230,100,1,-1,-1,-1
217,23,237,34,124,88,1,-1,-1,-1
217,24,125,18,124,90,1,-1,-1,-1
217,33,1451,94,452,155,1,-1,-1,-1
217,92,1083,357,197,113,1,-1,-1,-1
217,109,346,979,347,90,1,-1,-1,-1
217,137,620,47,113,79,1,-1,-1,-1
217,138,757,570,258,131,1,-1,-1,-1
