1,0,754,584,140,150,1,-1,-1,-1
1,1,927,402,128,114,1,-1,-1,-1
1,2,988,282,117,95,1,-1,-1,-1
1,3,960,267,183,195,1,-1,-1,-1
1,8,1462,297,69,77,1,-1,-1,-1
1,18,1095,259,56,59,1,-1,-1,-1
2,0,744,594,143,155,1,-1,-1,-1
2,1,919,409,128,114,1,-1,-1,-1
2,2,984,292,117,95,1,-1,-1,-1
2,3,960,266,183,195,1,-1,-1,-1
2,8,1459,294,69,77,1,-1,-1,-1
2,18,1092,261,57,59,1,-1,-1,-1
3,0,734,604,147,160,1,-1,-1,-1
3,1,912,416,128,114,1,-1,-1,-1
3,2,980,302,117,95,1,-1,-1,-1
3,3,960,265,183,195,1,-1,-1,-1
3,8,1457,292,69,77,1,-1,-1,-1
3,18,1090,263,58,60,1,-1,-1,-1
4,0,724,615,150,165,1,-1,-1,-1
4,1,905,423,128,114,1,-1,-1,-1
4,2,976,313,117,95,1,-1,-1,-1
4,3,960,264,184,195,1,-1,-1,-1
4,8,1454,290,69,77,1,-1,-1,-1
4,18,1088,266,58,60,1,-1,-1,-1
5,0,714,625,154,170,1,-1,-1,-1
5,1,898,431,128,114,1,-1,-1,-1
5,2,972,323,117,95,1,-1,-1,-1
5,3,960,264,184,194,1,-1,-1,-1
5,8,1452,288,69,77,1,-1,-1,-1
5,18,1086,268,59,61,1,-1,-1,-1
6,0,704,636,158,175,1,-1,-1,-1
6,1,891,438,128,114,1,-1,-1,-1
6,2,968,333,117,95,1,-1,-1,-1
6,3,960,263,185,194,1,-1,-1,-1
6,8,1449,285,69,77,1,-1,-1,-1
6,18,1084,271,59,60,1,-1,-1,-1
7,0,694,646,161,180,1,-1,-1,-1
7,1,884,445,128,114,1,-1,-1,-1
7,2,964,344,117,95,1,-1,-1,-1
7,3,960,262,185,194,1,-1,-1,-1
7,8,1447,283,69,77,1,-1,-1,-1
7,18,1082,273,60,61,1,-1,-1,-1
8,0,684,657,165,185,1,-1,-1,-1
8,1,877,452,128,114,1,-1,-1,-1
8,2,960,354,117,95,1,-1,-1,-1
8,3,961,262,185,194,1,-1,-1,-1
8,4,1056,274,71,32,1,-1,-1,-1
8,8,1444,281,69,77,1,-1,-1,-1
8,18,1080,275,60,62,1,-1,-1,-1
9,0,674,667,168,190,1,-1,-1,-1
9,1,870,460,128,114,1,-1,-1,-1
9,2,957,365,117,95,1,-1,-1,-1
9,3,960,263,186,194,1,-1,-1,-1
9,4,1054,275,72,37,1,-1,-1,-1
9,8,1442,279,69,77,1,-1,-1,-1
9,18,1078,278,61,62,1,-1,-1,-1
10,0,664,678,172,195,1,-1,-1,-1
10,1,862,465,130,117,1,-1,-1,-1
10,2,951,372,116,95,1,-1,-1,-1
10,3,959,265,187,194,1,-1,-1,-1
10,4,1052,277,73,42,1,-1,-1,-1
10,8,1439,276,69,77,1,-1,-1,-1
10,18,1076,280,61,62,1,-1,-1,-1
11,0,654,688,176,200,1,-1,-1,-1
11,1,854,471,132,119,1,-1,-1,-1
11,2,945,379,116,95,1,-1,-1,-1
11,3,958,267,188,194,1,-1,-1,-1
11,4,1051,279,74,47,1,-1,-1,-1
11,8,1437,274,69,77,1,-1,-1,-1
11,18,1074,283,62,62,1,-1,-1,-1
12,0,644,699,179,205,1,-1,-1,-1
12,1,846,477,134,121,1,-1,-1,-1
12,2,939,386,116,95,1,-1,-1,-1
12,3,958,266,188,194,1,-1,-1,-1
12,4,1049,280,75,48,1,-1,-1,-1
12,8,1434,272,69,77,1,-1,-1,-1
12,18,1072,285,63,63,1,-1,-1,-1
13,0,634,709,183,210,1,-1,-1,-1
13,1,838,483,137,123,1,-1,-1,-1
13,2,931,390,116,95,1,-1,-1,-1
13,3,958,265,189,195,1,-1,-1,-1
13,4,1048,282,75,48,1,-1,-1,-1
13,8,1432,270,69,77,1,-1,-1,-1
13,18,1070,287,63,64,1,-1,-1,-1
14,0,624,720,187,215,1,-1,-1,-1
14,1,830,489,139,125,1,-1,-1,-1
14,2,924,395,116,95,1,-1,-1,-1
14,3,959,264,189,195,1,-1,-1,-1
14,4,1047,284,75,48,1,-1,-1,-1
14,8,1430,268,69,77,1,-1,-1,-1
14,18,1068,290,64,64,1,-1,-1,-1
15,0,608,733,194,222,1,-1,-1,-1
15,1,822,495,141,127,1,-1,-1,-1
15,2,917,399,116,95,1,-1,-1,-1
15,3,959,263,190,196,1,-1,-1,-1
15,4,1046,286,75,49,1,-1,-1,-1
15,8,1428,266,69,77,1,-1,-1,-1
15,18,1066,292,64,64,1,-1,-1,-1
16,0,593,746,200,229,1,-1,-1,-1
16,1,814,500,143,130,1,-1,-1,-1
16,2,910,404,116,95,1,-1,-1,-1
16,3,959,262,190,196,1,-1,-1,-1
16,4,1044,287,77,50,1,-1,-1,-1
16,8,1426,264,69,77,1,-1,-1,-1
16,18,1064,295,65,64,1,-1,-1,-1
17,0,578,759,206,236,1,-1,-1,-1
17,1,806,506,146,132,1,-1,-1,-1
17,2,903,409,116,95,1,-1,-1,-1
17,3,960,261,190,197,1,-1,-1,-1
17,4,1043,289,77,50,1,-1,-1,-1
17,8,1424,262,69,77,1,-1,-1,-1
17,18,1062,297,65,65,1,-1,-1,-1
18,0,563,772,212,244,1,-1,-1,-1
18,1,798,512,148,134,1,-1,-1,-1
18,2,897,415,116,95,1,-1,-1,-1
18,3,960,260,191,197,1,-1,-1,-1
18,4,1042,291,77,51,1,-1,-1,-1
18,8,1422,260,69,77,1,-1,-1,-1
18,18,1060,299,66,66,1,-1,-1,-1
19,0,548,785,218,251,1,-1,-1,-1
19,1,790,518,150,136,1,-1,-1,-1
19,2,891,421,116,95,1,-1,-1,-1
19,3,961,260,191,197,1,-1,-1,-1
19,4,1041,293,77,51,1,-1,-1,-1
19,8,1420,258,69,77,1,-1,-1,-1
19,18,1058,302,66,65,1,-1,-1,-1
20,0,533,798,224,258,1,-1,-1,-1
20,1,782,524,152,138,1,-1,-1,-1
20,2,885,427,116,95,1,-1,-1,-1
20,3,961,260,191,197,1,-1,-1,-1
20,4,1039,295,79,51,1,-1,-1,-1
20,8,1418,256,69,77,1,-1,-1,-1
20,18,1056,304,67,66,1,-1,-1,-1
21,0,518,812,231,265,1,-1,-1,-1
21,1,774,530,155,141,1,-1,-1,-1
21,2,880,434,116,95,1,-1,-1,-1
21,3,962,261,191,197,1,-1,-1,-1
21,4,1038,296,79,53,1,-1,-1,-1
21,8,1416,254,69,77,1,-1,-1,-1
21,18,1054,307,68,66,1,-1,-1,-1
22,0,496,830,242,278,1,-1,-1,-1
22,1,765,539,158,145,1,-1,-1,-1
22,2,874,440,116,95,1,-1,-1,-1
22,3,962,262,192,197,1,-1,-1,-1
22,4,1037,298,79,53,1,-1,-1,-1
22,8,1414,252,69,77,1,-1,-1,-1
22,18,1052,309,68,67,1,-1,-1,-1
23,0,474,849,254,290,1,-1,-1,-1
23,1,756,548,161,149,1,-1,-1,-1
23,2,868,447,117,95,1,-1,-1,-1
23,3,963,263,192,197,1,-1,-1,-1
23,4,1036,300,79,53,1,-1,-1,-1
23,8,1413,251,67,76,1,-1,-1,-1
23,18,1050,311,69,68,1,-1,-1,-1
24,0,452,868,266,302,1,-1,-1,-1
24,1,747,557,164,153,1,-1,-1,-1
24,2,863,452,117,94,1,-1,-1,-1
24,3,963,263,193,198,1,-1,-1,-1
24,4,1034,302,81,54,1,-1,-1,-1
24,8,1413,250,65,75,1,-1,-1,-1
24,18,1048,314,69,67,1,-1,-1,-1
25,0,431,887,277,314,1,-1,-1,-1
25,1,738,567,167,156,1,-1,-1,-1
25,2,858,457,117,94,1,-1,-1,-1
25,3,964,264,192,198,1,-1,-1,-1
25,4,1033,303,81,55,1,-1,-1,-1
25,8,1412,250,64,73,1,-1,-1,-1
25,18,1046,316,70,68,1,-1,-1,-1
26,0,409,905,288,327,1,-1,-1,-1
26,1,729,576,170,160,1,-1,-1,-1
26,2,854,462,116,94,1,-1,-1,-1
26,3,964,265,193,198,1,-1,-1,-1
26,4,1032,305,81,55,1,-1,-1,-1
26,8,1412,249,61,72,1,-1,-1,-1
26,18,1044,319,70,68,1,-1,-1,-1
27,0,387,924,300,339,1,-1,-1,-1
27,1,720,585,173,164,1,-1,-1,-1
27,2,848,468,117,96,1,-1,-1,-1
27,3,965,266,193,198,1,-1,-1,-1
27,4,1031,307,81,55,1,-1,-1,-1
27,8,1411,249,60,70,1,-1,-1,-1
27,18,1042,321,71,69,1,-1,-1,-1
28,0,365,943,312,351,1,-1,-1,-1
28,1,712,595,176,168,1,-1,-1,-1
28,2,842,474,118,99,1,-1,-1,-1
28,3,965,266,194,199,1,-1,-1,-1
28,4,1030,309,81,56,1,-1,-1,-1
28,8,1411,248,58,69,1,-1,-1,-1
28,18,1040,323,71,69,1,-1,-1,-1
29,0,344,962,323,363,1,-1,-1,-1
29,1,703,604,179,172,1,-1,-1,-1
29,2,837,480,119,101,1,-1,-1,-1
29,3,966,267,194,199,1,-1,-1,-1
29,4,1028,311,83,56,1,-1,-1,-1
29,18,1038,326,72,69,1,-1,-1,-1
30,0,315,986,335,375,1,-1,-1,-1
30,1,694,613,182,176,1,-1,-1,-1
30,2,831,487,120,103,1,-1,-1,-1
30,3,966,268,194,199,1,-1,-1,-1
30,4,1027,312,83,57,1,-1,-1,-1
30,18,1036,328,72,70,1,-1,-1,-1
31,0,287,1011,346,387,1,-1,-1,-1
31,1,685,622,185,180,1,-1,-1,-1
31,2,825,493,122,105,1,-1,-1,-1
31,3,967,269,194,199,1,-1,-1,-1
31,4,1026,314,83,58,1,-1,-1,-1
31,18,1034,331,73,70,1,-1,-1,-1
32,0,258,1036,358,399,1,-1,-1,-1
32,1,676,632,188,183,1,-1,-1,-1
32,2,820,499,122,108,1,-1,-1,-1
32,3,967,269,195,200,1,-1,-1,-1
32,4,1025,316,83,58,1,-1,-1,-1
32,18,1032,333,74,71,1,-1,-1,-1
33,0,230,1061,369,411,1,-1,-1,-1
33,1,667,641,191,187,1,-1,-1,-1
33,2,814,505,124,110,1,-1,-1,-1
33,3,968,270,195,200,1,-1,-1,-1
33,4,1023,318,85,58,1,-1,-1,-1
33,18,1030,335,74,71,1,-1,-1,-1
34,0,202,1086,381,423,1,-1,-1,-1
34,1,658,650,194,191,1,-1,-1,-1
34,2,809,512,124,112,1,-1,-1,-1
34,3,968,271,196,200,1,-1,-1,-1
34,4,1022,319,85,60,1,-1,-1,-1
34,18,1028,338,75,71,1,-1,-1,-1
35,0,194,1108,377,389,1,-1,-1,-1
35,1,650,660,197,195,1,-1,-1,-1
35,2,803,518,125,115,1,-1,-1,-1
35,3,969,272,195,200,1,-1,-1,-1
35,4,1021,321,85,60,1,-1,-1,-1
35,18,1026,340,75,72,1,-1,-1,-1
36,0,172,1143,370,355,1,-1,-1,-1
36,1,638,672,201,203,1,-1,-1,-1
36,2,797,524,127,117,1,-1,-1,-1
36,3,969,272,196,201,1,-1,-1,-1
36,4,1020,323,85,60,1,-1,-1,-1
36,18,1024,343,76,72,1,-1,-1,-1
37,0,150,1179,364,321,1,-1,-1,-1
37,1,626,685,206,210,1,-1,-1,-1
37,2,792,530,127,120,1,-1,-1,-1
37,3,970,273,196,201,1,-1,-1,-1
37,4,1018,325,87,61,1,-1,-1,-1
37,18,1022,345,76,72,1,-1,-1,-1
38,0,129,1215,357,286,1,-1,-1,-1
38,1,614,698,211,217,1,-1,-1,-1
38,2,786,537,129,121,1,-1,-1,-1
38,3,970,274,197,201,1,-1,-1,-1
38,4,1017,327,87,61,1,-1,-1,-1
38,18,1020,347,77,73,1,-1,-1,-1
39,0,107,1251,351,252,1,-1,-1,-1
39,1,602,711,216,224,1,-1,-1,-1
39,2,780,543,130,124,1,-1,-1,-1
39,3,971,275,197,201,1,-1,-1,-1
39,4,1016,328,87,62,1,-1,-1,-1
39,18,1018,350,77,73,1,-1,-1,-1
40,0,86,1286,344,218,1,-1,-1,-1
40,1,590,724,221,231,1,-1,-1,-1
40,2,775,549,131,126,1,-1,-1,-1
40,3,972,276,197,201,1,-1,-1,-1
40,4,1015,330,87,63,1,-1,-1,-1
40,18,1016,352,78,74,1,-1,-1,-1
41,0,64,1322,338,184,1,-1,-1,-1
41,1,578,737,226,239,1,-1,-1,-1
41,2,769,555,132,129,1,-1,-1,-1
41,3,969,278,198,201,1,-1,-1,-1
41,4,1014,332,88,63,1,-1,-1,-1
41,18,1014,355,79,74,1,-1,-1,-1
42,0,43,1358,331,149,1,-1,-1,-1
42,1,566,750,231,246,1,-1,-1,-1
42,2,764,562,133,131,1,-1,-1,-1
42,3,967,280,198,201,1,-1,-1,-1
42,4,1012,334,89,63,1,-1,-1,-1
42,18,1012,357,79,74,1,-1,-1,-1
43,0,21,1394,325,115,1,-1,-1,-1
43,1,554,763,236,253,1,-1,-1,-1
43,2,756,568,137,135,1,-1,-1,-1
43,3,965,282,198,202,1,-1,-1,-1
43,4,1011,335,89,64,1,-1,-1,-1
43,18,1010,359,80,75,1,-1,-1,-1
44,1,542,776,241,260,1,-1,-1,-1
44,2,749,575,140,138,1,-1,-1,-1
44,3,962,284,199,202,1,-1,-1,-1
44,4,1010,337,89,65,1,-1,-1,-1
44,18,1008,362,80,75,1,-1,-1,-1
45,1,530,789,246,267,1,-1,-1,-1
45,2,742,581,143,142,1,-1,-1,-1
45,3,960,286,199,202,1,-1,-1,-1
45,4,1009,339,89,65,1,-1,-1,-1
45,18,1006,364,81,76,1,-1,-1,-1
46,1,518,802,251,275,1,-1,-1,-1
46,2,735,588,146,145,1,-1,-1,-1
46,3,958,288,199,203,1,-1,-1,-1
46,4,1007,341,91,65,1,-1,-1,-1
46,18,1004,367,81,75,1,-1,-1,-1
47,1,497,819,262,287,1,-1,-1,-1
47,2,727,594,150,149,1,-1,-1,-1
47,3,955,290,200,203,1,-1,-1,-1
47,4,1006,343,91,66,1,-1,-1,-1
47,18,1002,369,82,76,1,-1,-1,-1
48,1,476,837,274,299,1,-1,-1,-1
48,2,720,601,153,152,1,-1,-1,-1
48,3,953,292,200,203,1,-1,-1,-1
48,4,1005,344,91,67,1,-1,-1,-1
48,18,1000,371,82,77,1,-1,-1,-1
49,1,456,854,284,311,1,-1,-1,-1
49,2,713,607,156,156,1,-1,-1,-1
49,3,951,295,200,203,1,-1,-1,-1
49,4,1004,346,91,67,1,-1,-1,-1
49,18,998,374,83,77,1,-1,-1,-1
50,1,435,872,296,323,1,-1,-1,-1
50,2,706,614,159,159,1,-1,-1,-1
50,3,943,298,201,204,1,-1,-1,-1
50,4,1002,348,93,68,1,-1,-1,-1
50,18,996,376,83,77,1,-1,-1,-1
51,1,415,890,307,335,1,-1,-1,-1
51,2,697,624,163,162,1,-1,-1,-1
51,3,936,302,201,204,1,-1,-1,-1
51,4,1001,350,93,68,1,-1,-1,-1
51,18,994,379,84,77,1,-1,-1,-1
52,1,394,907,318,347,1,-1,-1,-1
52,2,689,634,166,165,1,-1,-1,-1
52,3,929,306,202,205,1,-1,-1,-1
52,4,1000,351,93,69,1,-1,-1,-1
52,18,992,381,85,78,1,-1,-1,-1
53,1,373,925,330,359,1,-1,-1,-1
53,2,681,644,169,169,1,-1,-1,-1
53,3,922,310,202,205,1,-1,-1,-1
53,4,999,353,93,70,1,-1,-1,-1
53,18,990,383,85,79,1,-1,-1,-1
54,1,353,942,340,371,1,-1,-1,-1
54,2,672,654,173,172,1,-1,-1,-1
54,3,915,314,202,205,1,-1,-1,-1
54,4,997,355,95,70,1,-1,-1,-1
54,18,988,386,86,79,1,-1,-1,-1
55,1,332,960,352,383,1,-1,-1,-1
55,2,664,664,176,175,1,-1,-1,-1
55,3,908,318,203,206,1,-1,-1,-1
55,4,996,357,95,70,1,-1,-1,-1
55,18,986,388,86,79,1,-1,-1,-1
56,1,312,978,363,395,1,-1,-1,-1
56,2,656,674,179,179,1,-1,-1,-1
56,3,901,323,204,207,1,-1,-1,-1
56,4,995,359,95,71,1,-1,-1,-1
56,18,984,391,87,79,1,-1,-1,-1
57,1,288,999,373,414,1,-1,-1,-1
57,2,644,680,184,184,1,-1,-1,-1
57,3,895,329,204,207,1,-1,-1,-1
57,4,994,360,95,72,1,-1,-1,-1
57,18,982,393,87,80,1,-1,-1,-1
58,1,264,1021,383,433,1,-1,-1,-1
58,2,632,687,189,189,1,-1,-1,-1
58,3,889,335,204,207,1,-1,-1,-1
58,4,993,362,95,72,1,-1,-1,-1
58,18,980,395,88,81,1,-1,-1,-1
59,1,240,1048,392,417,1,-1,-1,-1
59,2,621,697,194,194,1,-1,-1,-1
59,3,882,340,205,208,1,-1,-1,-1
59,4,991,364,97,72,1,-1,-1,-1
59,18,978,398,88,80,1,-1,-1,-1
60,1,216,1075,401,401,1,-1,-1,-1
60,2,610,707,199,199,1,-1,-1,-1
60,3,876,346,205,208,1,-1,-1,-1
60,4,990,366,97,73,1,-1,-1,-1
60,18,976,400,89,81,1,-1,-1,-1
61,1,192,1102,410,386,1,-1,-1,-1
61,2,599,717,204,204,1,-1,-1,-1
61,3,870,352,205,208,1,-1,-1,-1
61,4,989,367,97,74,1,-1,-1,-1
61,18,974,403,90,81,1,-1,-1,-1
62,1,168,1129,419,370,1,-1,-1,-1
62,2,588,727,209,209,1,-1,-1,-1
62,3,863,357,206,209,1,-1,-1,-1
62,4,988,369,97,74,1,-1,-1,-1
62,18,972,405,90,82,1,-1,-1,-1
63,1,145,1156,427,355,1,-1,-1,-1
63,2,577,737,214,214,1,-1,-1,-1
63,3,857,363,206,209,1,-1,-1,-1
63,4,986,371,99,75,1,-1,-1,-1
63,18,970,407,91,83,1,-1,-1,-1
64,1,121,1183,438,328,1,-1,-1,-1
64,2,567,747,218,219,1,-1,-1,-1
64,3,851,369,206,209,1,-1,-1,-1
64,4,985,373,99,75,1,-1,-1,-1
64,18,968,410,91,82,1,-1,-1,-1
65,1,98,1210,449,301,1,-1,-1,-1
65,2,556,757,223,224,1,-1,-1,-1
65,3,845,375,206,209,1,-1,-1,-1
65,4,984,375,99,75,1,-1,-1,-1
65,18,966,412,92,83,1,-1,-1,-1
66,1,76,1246,449,265,1,-1,-1,-1
66,2,545,767,228,229,1,-1,-1,-1
66,3,836,381,206,209,1,-1,-1,-1
66,4,983,376,99,77,1,-1,-1,-1
66,18,964,415,92,83,1,-1,-1,-1
67,1,55,1283,449,228,1,-1,-1,-1
67,2,534,777,233,234,1,-1,-1,-1
67,3,828,387,206,209,1,-1,-1,-1
67,4,981,378,101,77,1,-1,-1,-1
67,18,962,417,93,84,1,-1,-1,-1
68,1,34,1320,449,191,1,-1,-1,-1
68,2,523,787,238,239,1,-1,-1,-1
68,3,820,393,206,209,1,-1,-1,-1
68,4,980,380,101,77,1,-1,-1,-1
68,18,960,419,93,84,1,-1,-1,-1
69,1,25,1357,434,154,1,-1,-1,-1
69,2,512,797,243,244,1,-1,-1,-1
69,3,812,399,206,210,1,-1,-1,-1
69,4,979,382,101,78,1,-1,-1,-1
69,18,958,422,94,84,1,-1,-1,-1
70,1,17,1394,419,117,1,-1,-1,-1
70,2,502,808,247,249,1,-1,-1,-1
70,3,805,406,206,210,1,-1,-1,-1
70,4,978,383,101,79,1,-1,-1,-1
70,18,956,424,94,85,1,-1,-1,-1
71,1,8,1431,404,80,1,-1,-1,-1
71,2,490,821,252,254,1,-1,-1,-1
71,3,798,413,206,211,1,-1,-1,-1
71,4,977,385,102,79,1,-1,-1,-1
71,18,954,427,95,85,1,-1,-1,-1
72,2,479,835,257,259,1,-1,-1,-1
72,3,791,421,206,211,1,-1,-1,-1
72,4,975,387,103,79,1,-1,-1,-1
72,18,952,429,96,86,1,-1,-1,-1
73,2,467,848,262,264,1,-1,-1,-1
73,3,784,428,206,212,1,-1,-1,-1
73,4,974,389,103,80,1,-1,-1,-1
73,18,950,431,96,86,1,-1,-1,-1
74,2,456,862,267,269,1,-1,-1,-1
74,3,777,436,206,212,1,-1,-1,-1
74,4,973,391,103,80,1,-1,-1,-1
74,18,948,434,97,86,1,-1,-1,-1
75,2,435,877,278,282,1,-1,-1,-1
75,3,768,443,206,215,1,-1,-1,-1
75,4,972,392,103,81,1,-1,-1,-1
75,18,946,436,97,87,1,-1,-1,-1
76,2,414,892,289,295,1,-1,-1,-1
76,3,759,451,206,218,1,-1,-1,-1
76,4,970,394,105,82,1,-1,-1,-1
76,5,1098,271,47,38,1,-1,-1,-1
76,18,944,439,98,87,1,-1,-1,-1
77,2,393,907,300,308,1,-1,-1,-1
77,3,754,455,205,221,1,-1,-1,-1
77,4,969,396,105,82,1,-1,-1,-1
77,5,1095,273,49,44,1,-1,-1,-1
77,18,942,441,98,87,1,-1,-1,-1
78,2,372,922,312,321,1,-1,-1,-1
78,3,749,459,205,225,1,-1,-1,-1
78,4,968,398,105,82,1,-1,-1,-1
78,5,1093,275,50,50,1,-1,-1,-1
78,18,940,443,99,88,1,-1,-1,-1
79,2,351,937,323,334,1,-1,-1,-1
79,3,744,463,205,229,1,-1,-1,-1
79,4,967,399,105,84,1,-1,-1,-1
79,5,1091,277,50,50,1,-1,-1,-1
79,18,938,446,99,88,1,-1,-1,-1
80,2,330,952,334,347,1,-1,-1,-1
80,3,739,467,205,232,1,-1,-1,-1
80,4,965,401,107,84,1,-1,-1,-1
80,5,1089,279,51,51,1,-1,-1,-1
80,18,936,448,100,89,1,-1,-1,-1
81,2,310,968,345,359,1,-1,-1,-1
81,3,734,471,205,236,1,-1,-1,-1
81,4,964,403,107,84,1,-1,-1,-1
81,5,1087,281,51,51,1,-1,-1,-1
81,18,934,451,101,89,1,-1,-1,-1
82,2,287,988,356,371,1,-1,-1,-1
82,3,729,475,205,240,1,-1,-1,-1
82,4,963,405,107,85,1,-1,-1,-1
82,5,1085,283,52,52,1,-1,-1,-1
82,18,930,454,101,90,1,-1,-1,-1
83,2,264,1008,368,384,1,-1,-1,-1
83,3,724,480,205,243,1,-1,-1,-1
83,4,962,407,107,85,1,-1,-1,-1
83,5,1083,285,53,52,1,-1,-1,-1
83,18,926,458,101,90,1,-1,-1,-1
84,2,242,1028,379,397,1,-1,-1,-1
84,3,714,487,209,248,1,-1,-1,-1
84,4,960,408,109,86,1,-1,-1,-1
84,5,1081,287,53,53,1,-1,-1,-1
84,18,922,462,102,90,1,-1,-1,-1
85,2,212,1052,392,387,1,-1,-1,-1
85,3,705,494,212,253,1,-1,-1,-1
85,4,959,410,109,87,1,-1,-1,-1
85,5,1079,289,54,53,1,-1,-1,-1
85,18,918,463,110,98,1,-1,-1,-1
86,2,183,1076,405,377,1,-1,-1,-1
86,3,696,501,216,258,1,-1,-1,-1
86,4,958,412,109,87,1,-1,-1,-1
86,5,1077,291,55,54,1,-1,-1,-1
86,18,912,468,111,99,1,-1,-1,-1
87,2,154,1101,418,367,1,-1,-1,-1
87,3,687,508,219,263,1,-1,-1,-1
87,4,957,414,109,87,1,-1,-1,-1
87,5,1075,293,55,54,1,-1,-1,-1
87,18,906,473,113,101,1,-1,-1,-1
88,2,124,1125,431,357,1,-1,-1,-1
88,3,678,515,223,268,1,-1,-1,-1
88,4,956,415,109,88,1,-1,-1,-1
88,5,1073,295,56,55,1,-1,-1,-1
88,18,901,478,113,103,1,-1,-1,-1
89,2,95,1149,444,347,1,-1,-1,-1
89,3,669,522,226,273,1,-1,-1,-1
89,4,954,417,111,89,1,-1,-1,-1
89,5,1071,297,57,55,1,-1,-1,-1
89,18,895,483,115,104,1,-1,-1,-1
90,2,66,1174,457,337,1,-1,-1,-1
90,3,660,529,230,279,1,-1,-1,-1
90,4,953,419,111,89,1,-1,-1,-1
90,5,1069,299,57,56,1,-1,-1,-1
90,18,890,489,115,105,1,-1,-1,-1
91,2,60,1209,441,302,1,-1,-1,-1
91,3,650,536,234,284,1,-1,-1,-1
91,4,952,421,111,89,1,-1,-1,-1
91,5,1067,301,58,56,1,-1,-1,-1
91,18,884,494,117,107,1,-1,-1,-1
92,2,55,1244,425,267,1,-1,-1,-1
92,3,641,543,237,289,1,-1,-1,-1
92,4,951,423,111,90,1,-1,-1,-1
92,5,1065,303,59,57,1,-1,-1,-1
92,18,878,499,118,109,1,-1,-1,-1
93,2,49,1279,409,232,1,-1,-1,-1
93,3,632,550,241,294,1,-1,-1,-1
93,4,949,424,113,91,1,-1,-1,-1
93,5,1063,305,59,57,1,-1,-1,-1
93,18,873,504,119,110,1,-1,-1,-1
94,2,44,1314,393,197,1,-1,-1,-1
94,3,623,557,244,299,1,-1,-1,-1
94,4,948,426,113,91,1,-1,-1,-1
94,5,1061,307,60,58,1,-1,-1,-1
94,18,867,509,120,112,1,-1,-1,-1
95,3,614,564,248,304,1,-1,-1,-1
95,4,947,428,113,92,1,-1,-1,-1
95,5,1059,309,61,58,1,-1,-1,-1
95,18,862,515,121,113,1,-1,-1,-1
96,3,605,571,251,309,1,-1,-1,-1
96,4,946,430,113,92,1,-1,-1,-1
96,5,1057,311,61,59,1,-1,-1,-1
96,18,856,520,122,115,1,-1,-1,-1
97,3,596,578,255,315,1,-1,-1,-1
97,4,944,431,115,93,1,-1,-1,-1
97,5,1055,313,62,60,1,-1,-1,-1
97,18,851,525,123,116,1,-1,-1,-1
98,3,584,586,260,326,1,-1,-1,-1
98,4,943,433,115,94,1,-1,-1,-1
98,5,1053,315,63,60,1,-1,-1,-1
98,18,845,530,124,118,1,-1,-1,-1
99,3,572,594,266,337,1,-1,-1,-1
99,4,942,435,115,94,1,-1,-1,-1
99,5,1051,317,63,61,1,-1,-1,-1
99,18,839,535,126,120,1,-1,-1,-1
100,3,560,602,272,349,1,-1,-1,-1
100,4,941,437,115,94,1,-1,-1,-1
100,5,1049,319,64,61,1,-1,-1,-1
100,18,834,541,126,121,1,-1,-1,-1
101,3,548,610,277,360,1,-1,-1,-1
101,4,940,439,116,95,1,-1,-1,-1
101,5,1047,321,65,62,1,-1,-1,-1
101,18,828,546,128,122,1,-1,-1,-1
102,3,536,618,283,371,1,-1,-1,-1
102,4,933,443,117,95,1,-1,-1,-1
102,5,1045,323,65,62,1,-1,-1,-1
102,18,823,551,128,124,1,-1,-1,-1
103,3,525,627,288,382,1,-1,-1,-1
103,4,927,447,117,96,1,-1,-1,-1
103,5,1043,325,66,63,1,-1,-1,-1
103,18,817,556,130,126,1,-1,-1,-1
104,3,513,635,293,393,1,-1,-1,-1
104,4,921,451,117,97,1,-1,-1,-1
104,5,1041,327,66,63,1,-1,-1,-1
104,18,812,562,131,127,1,-1,-1,-1
105,3,501,643,299,404,1,-1,-1,-1
105,4,914,455,119,98,1,-1,-1,-1
105,5,1039,329,67,64,1,-1,-1,-1
105,18,806,569,133,130,1,-1,-1,-1
106,3,489,651,305,416,1,-1,-1,-1
106,4,908,459,119,99,1,-1,-1,-1
106,5,1037,331,68,64,1,-1,-1,-1
106,18,800,577,135,133,1,-1,-1,-1
107,3,477,659,310,427,1,-1,-1,-1
107,4,902,463,119,100,1,-1,-1,-1
107,5,1035,333,68,65,1,-1,-1,-1
107,18,794,585,138,135,1,-1,-1,-1
108,3,465,667,316,438,1,-1,-1,-1
108,4,896,468,120,100,1,-1,-1,-1
108,5,1033,335,69,65,1,-1,-1,-1
108,18,788,592,140,139,1,-1,-1,-1
109,3,454,676,321,449,1,-1,-1,-1
109,4,890,473,121,102,1,-1,-1,-1
109,5,1031,337,70,66,1,-1,-1,-1
109,18,782,600,142,141,1,-1,-1,-1
110,3,432,690,335,467,1,-1,-1,-1
110,4,884,478,122,104,1,-1,-1,-1
110,5,1029,339,70,66,1,-1,-1,-1
110,18,776,608,145,144,1,-1,-1,-1
111,3,411,704,348,485,1,-1,-1,-1
111,4,878,483,123,106,1,-1,-1,-1
111,5,1027,341,71,67,1,-1,-1,-1
111,18,770,615,147,147,1,-1,-1,-1
112,3,390,718,362,503,1,-1,-1,-1
112,4,873,488,124,108,1,-1,-1,-1
112,5,1025,343,72,67,1,-1,-1,-1
112,18,764,623,149,150,1,-1,-1,-1
113,3,368,732,376,521,1,-1,-1,-1
113,4,867,493,125,110,1,-1,-1,-1
113,5,1023,345,72,68,1,-1,-1,-1
113,18,758,631,152,152,1,-1,-1,-1
114,3,347,746,389,539,1,-1,-1,-1
114,4,861,498,126,112,1,-1,-1,-1
114,5,1022,347,72,69,1,-1,-1,-1
114,6,1086,271,59,41,1,-1,-1,-1
114,18,752,638,154,156,1,-1,-1,-1
115,3,326,760,403,557,1,-1,-1,-1
115,4,856,503,127,115,1,-1,-1,-1
115,5,1020,349,73,69,1,-1,-1,-1
115,6,1083,273,59,45,1,-1,-1,-1
115,18,746,646,156,158,1,-1,-1,-1
116,3,305,774,416,575,1,-1,-1,-1
116,4,850,508,128,117,1,-1,-1,-1
116,5,1018,351,73,70,1,-1,-1,-1
116,6,1080,276,59,49,1,-1,-1,-1
116,18,740,654,159,161,1,-1,-1,-1
117,3,283,788,430,593,1,-1,-1,-1
117,4,844,514,129,118,1,-1,-1,-1
117,5,1016,353,74,70,1,-1,-1,-1
117,6,1078,279,59,53,1,-1,-1,-1
117,18,730,663,162,166,1,-1,-1,-1
118,3,262,802,444,611,1,-1,-1,-1
118,4,839,519,130,120,1,-1,-1,-1
118,5,1014,355,75,71,1,-1,-1,-1
118,6,1075,281,60,54,1,-1,-1,-1
118,18,720,673,166,170,1,-1,-1,-1
119,3,241,816,457,629,1,-1,-1,-1
119,4,833,524,131,122,1,-1,-1,-1
119,5,1012,357,75,71,1,-1,-1,-1
119,6,1073,284,61,54,1,-1,-1,-1
119,18,710,683,170,174,1,-1,-1,-1
120,3,220,830,471,647,1,-1,-1,-1
120,4,827,529,132,124,1,-1,-1,-1
120,5,1010,359,76,72,1,-1,-1,-1
120,6,1071,286,62,55,1,-1,-1,-1
120,18,701,693,173,179,1,-1,-1,-1
121,3,192,847,488,634,1,-1,-1,-1
121,4,822,534,133,127,1,-1,-1,-1
121,5,1008,361,77,72,1,-1,-1,-1
121,6,1069,289,63,55,1,-1,-1,-1
121,18,691,703,177,183,1,-1,-1,-1
122,3,165,865,504,620,1,-1,-1,-1
122,4,816,539,134,129,1,-1,-1,-1
122,5,1006,363,77,73,1,-1,-1,-1
122,6,1067,292,64,55,1,-1,-1,-1
122,18,681,713,181,187,1,-1,-1,-1
123,3,138,882,520,607,1,-1,-1,-1
123,4,810,544,135,131,1,-1,-1,-1
123,5,1004,365,78,73,1,-1,-1,-1
123,6,1065,294,64,56,1,-1,-1,-1
123,18,672,722,183,193,1,-1,-1,-1
124,3,111,900,537,594,1,-1,-1,-1
124,4,805,549,136,133,1,-1,-1,-1
124,5,1002,367,79,74,1,-1,-1,-1
124,6,1063,297,65,56,1,-1,-1,-1
124,18,662,732,187,197,1,-1,-1,-1
125,3,83,917,554,581,1,-1,-1,-1
125,4,799,555,137,134,1,-1,-1,-1
125,5,1000,369,79,74,1,-1,-1,-1
125,6,1061,300,66,56,1,-1,-1,-1
125,18,652,742,191,201,1,-1,-1,-1
126,3,56,935,570,567,1,-1,-1,-1
126,4,793,560,138,136,1,-1,-1,-1
126,5,998,371,80,75,1,-1,-1,-1
126,6,1059,302,67,58,1,-1,-1,-1
126,18,643,752,194,206,1,-1,-1,-1
127,3,29,952,586,554,1,-1,-1,-1
127,4,788,565,139,139,1,-1,-1,-1
127,5,996,373,80,75,1,-1,-1,-1
127,6,1057,305,68,58,1,-1,-1,-1
127,18,633,762,198,210,1,-1,-1,-1
128,3,2,970,603,541,1,-1,-1,-1
128,4,782,570,140,141,1,-1,-1,-1
128,5,994,375,81,76,1,-1,-1,-1
128,6,1054,307,69,59,1,-1,-1,-1
128,18,623,772,202,214,1,-1,-1,-1
129,3,1,995,589,516,1,-1,-1,-1
129,4,776,575,141,143,1,-1,-1,-1
129,5,992,377,82,76,1,-1,-1,-1
129,6,1052,310,70,59,1,-1,-1,-1
129,18,614,782,205,219,1,-1,-1,-1
130,3,1,1020,574,491,1,-1,-1,-1
130,4,771,580,142,145,1,-1,-1,-1
130,5,990,379,82,77,1,-1,-1,-1
130,6,1050,313,71,59,1,-1,-1,-1
130,18,600,795,211,227,1,-1,-1,-1
131,3,1,1045,559,466,1,-1,-1,-1
131,4,765,585,143,147,1,-1,-1,-1
131,5,988,381,83,77,1,-1,-1,-1
131,6,1048,315,72,60,1,-1,-1,-1
131,18,586,809,217,235,1,-1,-1,-1
132,3,1,1071,545,440,1,-1,-1,-1
132,4,759,590,144,149,1,-1,-1,-1
132,5,986,383,84,78,1,-1,-1,-1
132,6,1046,318,73,60,1,-1,-1,-1
132,18,573,823,222,242,1,-1,-1,-1
133,3,0,1096,531,415,1,-1,-1,-1
133,4,754,596,145,151,1,-1,-1,-1
133,5,984,385,84,79,1,-1,-1,-1
133,6,1044,321,73,60,1,-1,-1,-1
133,18,559,837,228,250,1,-1,-1,-1
134,3,0,1121,516,390,1,-1,-1,-1
134,4,746,604,147,155,1,-1,-1,-1
134,5,982,387,85,79,1,-1,-1,-1
134,6,1042,323,74,61,1,-1,-1,-1
134,18,546,850,234,258,1,-1,-1,-1
135,3,0,1146,501,365,1,-1,-1,-1
135,4,738,613,150,158,1,-1,-1,-1
135,5,980,389,86,80,1,-1,-1,-1
135,6,1040,326,75,62,1,-1,-1,-1
135,18,532,864,240,266,1,-1,-1,-1
136,3,0,1172,487,339,1,-1,-1,-1
136,4,730,622,153,162,1,-1,-1,-1
136,5,978,391,86,80,1,-1,-1,-1
136,6,1038,329,76,62,1,-1,-1,-1
136,18,519,878,245,273,1,-1,-1,-1
137,3,0,1209,452,302,1,-1,-1,-1
137,4,722,631,156,165,1,-1,-1,-1
137,5,976,393,87,81,1,-1,-1,-1
137,6,1036,331,77,63,1,-1,-1,-1
137,18,505,892,251,281,1,-1,-1,-1
138,3,0,1246,418,265,1,-1,-1,-1
138,4,714,640,159,169,1,-1,-1,-1
138,5,974,395,88,81,1,-1,-1,-1
138,6,1034,334,78,63,1,-1,-1,-1
138,18,492,906,257,289,1,-1,-1,-1
139,3,0,1283,383,228,1,-1,-1,-1
139,4,706,649,162,172,1,-1,-1,-1
139,5,972,397,88,82,1,-1,-1,-1
139,6,1031,336,79,64,1,-1,-1,-1
139,18,469,924,270,301,1,-1,-1,-1
140,3,0,1320,349,191,1,-1,-1,-1
140,4,698,658,165,176,1,-1,-1,-1
140,5,970,399,89,82,1,-1,-1,-1
140,6,1029,339,80,64,1,-1,-1,-1
140,18,447,942,282,314,1,-1,-1,-1
141,3,0,1357,314,154,1,-1,-1,-1
141,4,690,667,167,179,1,-1,-1,-1
141,5,968,401,90,83,1,-1,-1,-1
141,6,1027,342,81,64,1,-1,-1,-1
141,18,425,960,294,327,1,-1,-1,-1
142,3,0,1394,280,117,1,-1,-1,-1
142,4,682,676,170,183,1,-1,-1,-1
142,5,966,403,90,83,1,-1,-1,-1
142,6,1025,344,82,65,1,-1,-1,-1
142,18,403,978,306,340,1,-1,-1,-1
143,4,674,685,173,186,1,-1,-1,-1
143,5,964,405,91,84,1,-1,-1,-1
143,6,1023,347,83,65,1,-1,-1,-1
143,18,380,997,319,352,1,-1,-1,-1
144,4,666,694,176,190,1,-1,-1,-1
144,5,962,407,92,84,1,-1,-1,-1
144,6,1021,350,83,66,1,-1,-1,-1
144,18,358,1015,331,365,1,-1,-1,-1
145,4,658,703,179,193,1,-1,-1,-1
145,5,960,409,92,85,1,-1,-1,-1
145,6,1019,352,84,67,1,-1,-1,-1
145,18,336,1033,343,378,1,-1,-1,-1
146,4,650,712,182,197,1,-1,-1,-1
146,5,958,411,93,85,1,-1,-1,-1
146,6,1017,355,85,67,1,-1,-1,-1
146,18,314,1051,355,391,1,-1,-1,-1
147,4,642,721,185,200,1,-1,-1,-1
147,5,956,413,94,86,1,-1,-1,-1
147,6,1015,358,86,67,1,-1,-1,-1
147,18,292,1070,367,403,1,-1,-1,-1
148,4,634,730,187,204,1,-1,-1,-1
148,5,954,415,94,86,1,-1,-1,-1
148,6,1013,360,87,68,1,-1,-1,-1
148,18,268,1091,376,389,1,-1,-1,-1
149,4,626,739,190,207,1,-1,-1,-1
149,5,952,417,95,87,1,-1,-1,-1
149,6,1010,363,88,68,1,-1,-1,-1
149,18,245,1112,385,376,1,-1,-1,-1
150,4,618,748,193,211,1,-1,-1,-1
150,5,951,420,95,87,1,-1,-1,-1
150,6,1008,365,89,69,1,-1,-1,-1
150,18,222,1133,393,362,1,-1,-1,-1
151,4,610,757,196,214,1,-1,-1,-1
151,5,946,424,96,87,1,-1,-1,-1
151,6,1006,368,90,69,1,-1,-1,-1
151,18,199,1154,402,349,1,-1,-1,-1
152,4,602,766,199,218,1,-1,-1,-1
152,5,941,428,97,87,1,-1,-1,-1
152,6,1004,371,91,69,1,-1,-1,-1
152,18,176,1176,411,335,1,-1,-1,-1
153,4,594,775,202,221,1,-1,-1,-1
153,5,937,432,97,88,1,-1,-1,-1
153,6,1002,373,92,71,1,-1,-1,-1
153,18,173,1204,393,307,1,-1,-1,-1
154,4,586,784,205,225,1,-1,-1,-1
154,5,932,436,98,88,1,-1,-1,-1
154,6,1000,376,92,71,1,-1,-1,-1
154,18,171,1233,375,278,1,-1,-1,-1
155,4,572,797,212,231,1,-1,-1,-1
155,5,928,440,99,89,1,-1,-1,-1
155,6,998,379,93,71,1,-1,-1,-1
155,18,169,1262,357,249,1,-1,-1,-1
156,4,558,810,219,238,1,-1,-1,-1
156,5,923,444,100,89,1,-1,-1,-1
156,6,996,381,94,72,1,-1,-1,-1
156,18,167,1291,339,220,1,-1,-1,-1
157,4,544,823,226,244,1,-1,-1,-1
157,5,919,448,100,90,1,-1,-1,-1
157,6,994,384,95,72,1,-1,-1,-1
157,18,165,1320,321,191,1,-1,-1,-1
158,4,530,837,233,250,1,-1,-1,-1
158,5,915,452,100,90,1,-1,-1,-1
158,6,992,387,96,72,1,-1,-1,-1
158,18,162,1348,303,163,1,-1,-1,-1
159,4,516,850,240,257,1,-1,-1,-1
159,5,910,456,101,91,1,-1,-1,-1
159,6,990,389,97,73,1,-1,-1,-1
159,18,160,1377,285,134,1,-1,-1,-1
160,4,502,863,247,263,1,-1,-1,-1
160,5,906,460,101,91,1,-1,-1,-1
160,6,987,392,98,73,1,-1,-1,-1
160,18,158,1406,267,105,1,-1,-1,-1
161,4,488,876,254,270,1,-1,-1,-1
161,5,902,464,102,92,1,-1,-1,-1
161,6,985,394,99,74,1,-1,-1,-1
161,18,156,1435,249,76,1,-1,-1,-1
162,4,474,890,261,276,1,-1,-1,-1
162,5,896,469,103,94,1,-1,-1,-1
162,6,983,397,100,75,1,-1,-1,-1
163,4,460,903,268,282,1,-1,-1,-1
163,5,890,475,105,95,1,-1,-1,-1
163,6,981,400,101,75,1,-1,-1,-1
164,4,446,916,275,289,1,-1,-1,-1
164,5,884,480,107,97,1,-1,-1,-1
164,6,979,402,102,76,1,-1,-1,-1
165,4,432,930,283,295,1,-1,-1,-1
165,5,879,486,108,98,1,-1,-1,-1
165,6,977,405,102,76,1,-1,-1,-1
166,4,413,945,293,305,1,-1,-1,-1
166,5,873,491,109,101,1,-1,-1,-1
166,6,975,408,103,76,1,-1,-1,-1
167,4,395,961,303,315,1,-1,-1,-1
167,5,867,497,111,102,1,-1,-1,-1
167,6,973,410,104,77,1,-1,-1,-1
168,4,377,976,313,325,1,-1,-1,-1
168,5,862,503,112,103,1,-1,-1,-1
168,6,971,413,105,77,1,-1,-1,-1
169,4,359,992,323,335,1,-1,-1,-1
169,5,856,508,114,105,1,-1,-1,-1
169,6,969,416,106,77,1,-1,-1,-1
170,4,341,1008,333,345,1,-1,-1,-1
170,5,850,514,116,106,1,-1,-1,-1
170,6,966,418,107,78,1,-1,-1,-1
170,7,1041,280,68,35,1,-1,-1,-1
171,4,322,1023,343,355,1,-1,-1,-1
171,5,844,519,117,109,1,-1,-1,-1
171,6,964,421,108,79,1,-1,-1,-1
171,7,1039,283,69,36,1,-1,-1,-1
172,4,304,1039,353,365,1,-1,-1,-1
172,5,839,525,118,110,1,-1,-1,-1
172,6,962,423,109,80,1,-1,-1,-1
172,7,1037,286,70,37,1,-1,-1,-1
173,4,286,1055,363,375,1,-1,-1,-1
173,5,833,530,120,112,1,-1,-1,-1
173,6,960,426,110,80,1,-1,-1,-1
173,7,1034,285,71,43,1,-1,-1,-1
174,4,268,1070,373,385,1,-1,-1,-1
174,5,827,536,122,113,1,-1,-1,-1
174,6,958,429,111,80,1,-1,-1,-1
174,7,1032,284,71,50,1,-1,-1,-1
175,4,250,1086,383,395,1,-1,-1,-1
175,5,822,542,123,115,1,-1,-1,-1
175,6,956,431,111,81,1,-1,-1,-1
175,7,1030,286,72,51,1,-1,-1,-1
176,4,232,1102,393,405,1,-1,-1,-1
176,5,815,550,126,118,1,-1,-1,-1
176,6,954,434,112,81,1,-1,-1,-1
176,7,1029,289,72,52,1,-1,-1,-1
177,4,220,1124,393,383,1,-1,-1,-1
177,5,809,558,128,121,1,-1,-1,-1
177,6,952,437,113,81,1,-1,-1,-1
177,7,1028,292,73,53,1,-1,-1,-1
178,4,208,1147,393,361,1,-1,-1,-1
178,5,803,566,130,124,1,-1,-1,-1
178,6,950,439,114,82,1,-1,-1,-1
178,7,1026,295,74,54,1,-1,-1,-1
179,4,196,1170,393,338,1,-1,-1,-1
179,5,796,575,133,126,1,-1,-1,-1
179,6,948,442,115,82,1,-1,-1,-1
179,7,1025,298,75,54,1,-1,-1,-1
180,4,184,1193,393,316,1,-1,-1,-1
180,5,790,583,135,129,1,-1,-1,-1
180,6,946,445,116,83,1,-1,-1,-1
180,7,1024,301,75,55,1,-1,-1,-1
181,4,172,1215,393,294,1,-1,-1,-1
181,5,784,591,137,132,1,-1,-1,-1
181,6,940,448,118,84,1,-1,-1,-1
181,7,1022,304,76,56,1,-1,-1,-1
182,4,160,1238,393,272,1,-1,-1,-1
182,5,777,600,140,134,1,-1,-1,-1
182,6,935,451,119,85,1,-1,-1,-1
182,7,1021,307,77,57,1,-1,-1,-1
183,4,148,1261,393,249,1,-1,-1,-1
183,5,771,608,142,137,1,-1,-1,-1
183,6,930,455,120,85,1,-1,-1,-1
183,7,1020,309,77,59,1,-1,-1,-1
184,4,136,1284,393,227,1,-1,-1,-1
184,5,765,616,144,140,1,-1,-1,-1
184,6,925,458,121,86,1,-1,-1,-1
184,7,1018,312,79,59,1,-1,-1,-1
185,4,138,1309,376,202,1,-1,-1,-1
185,5,758,625,147,142,1,-1,-1,-1
185,6,920,462,122,86,1,-1,-1,-1
185,7,1017,315,79,60,1,-1,-1,-1
186,4,141,1334,359,177,1,-1,-1,-1
186,5,752,633,149,145,1,-1,-1,-1
186,6,915,458,122,107,1,-1,-1,-1
186,7,1016,318,79,61,1,-1,-1,-1
187,4,143,1365,339,145,1,-1,-1,-1
187,5,746,641,151,148,1,-1,-1,-1
187,6,907,464,124,108,1,-1,-1,-1
187,7,1014,321,81,62,1,-1,-1,-1
188,4,146,1397,319,112,1,-1,-1,-1
188,5,740,650,153,151,1,-1,-1,-1
188,6,900,470,125,110,1,-1,-1,-1
188,7,1013,324,81,63,1,-1,-1,-1
189,5,730,659,157,155,1,-1,-1,-1
189,6,892,476,127,112,1,-1,-1,-1
189,7,1012,327,82,63,1,-1,-1,-1
190,5,720,668,161,160,1,-1,-1,-1
190,6,885,482,129,113,1,-1,-1,-1
190,7,1010,330,83,64,1,-1,-1,-1
191,5,710,677,165,164,1,-1,-1,-1
191,6,877,488,131,115,1,-1,-1,-1
191,7,1009,332,83,66,1,-1,-1,-1
192,5,700,686,169,169,1,-1,-1,-1
192,6,870,494,132,117,1,-1,-1,-1
192,7,1008,335,84,67,1,-1,-1,-1
193,5,690,696,173,173,1,-1,-1,-1
193,6,862,501,135,117,1,-1,-1,-1
193,7,1006,338,85,68,1,-1,-1,-1
194,5,680,705,177,177,1,-1,-1,-1
194,6,855,507,136,119,1,-1,-1,-1
194,7,1005,341,86,68,1,-1,-1,-1
195,5,670,714,181,182,1,-1,-1,-1
195,6,847,513,138,121,1,-1,-1,-1
195,7,1004,344,86,69,1,-1,-1,-1
196,5,660,723,185,186,1,-1,-1,-1
196,6,840,519,140,122,1,-1,-1,-1
196,7,1002,347,87,70,1,-1,-1,-1
197,5,650,732,189,191,1,-1,-1,-1
197,6,832,525,142,124,1,-1,-1,-1
197,7,1001,350,88,71,1,-1,-1,-1
198,5,640,742,193,195,1,-1,-1,-1
198,6,825,531,143,126,1,-1,-1,-1
198,7,1000,353,88,72,1,-1,-1,-1
199,5,625,756,200,202,1,-1,-1,-1
199,6,818,538,145,127,1,-1,-1,-1
199,7,998,355,90,73,1,-1,-1,-1
200,5,610,770,208,210,1,-1,-1,-1
200,6,809,545,147,130,1,-1,-1,-1
200,7,997,358,90,74,1,-1,-1,-1
201,5,596,784,214,217,1,-1,-1,-1
201,6,801,553,149,133,1,-1,-1,-1
201,7,996,361,91,75,1,-1,-1,-1
202,5,581,798,222,225,1,-1,-1,-1
202,6,792,561,151,136,1,-1,-1,-1
202,7,994,364,92,76,1,-1,-1,-1
203,5,567,813,229,232,1,-1,-1,-1
203,6,784,569,153,139,1,-1,-1,-1
203,7,993,367,92,77,1,-1,-1,-1
204,5,552,827,236,239,1,-1,-1,-1
204,6,775,576,155,142,1,-1,-1,-1
204,7,992,370,93,77,1,-1,-1,-1
205,5,537,841,244,247,1,-1,-1,-1
205,6,767,584,157,145,1,-1,-1,-1
205,7,990,373,94,78,1,-1,-1,-1
206,5,523,855,250,254,1,-1,-1,-1
206,6,758,592,159,148,1,-1,-1,-1
206,7,989,376,95,79,1,-1,-1,-1
207,5,508,869,258,262,1,-1,-1,-1
207,6,750,600,161,151,1,-1,-1,-1
207,7,988,378,95,81,1,-1,-1,-1
208,5,494,884,265,269,1,-1,-1,-1
208,6,741,607,163,154,1,-1,-1,-1
208,7,986,381,96,82,1,-1,-1,-1
209,5,474,900,272,281,1,-1,-1,-1
209,6,733,615,165,157,1,-1,-1,-1
209,7,985,384,97,82,1,-1,-1,-1
210,5,454,917,280,293,1,-1,-1,-1
210,6,724,623,167,160,1,-1,-1,-1
210,7,984,387,97,83,1,-1,-1,-1
211,5,435,934,287,305,1,-1,-1,-1
211,6,716,631,169,163,1,-1,-1,-1
211,7,982,390,99,84,1,-1,-1,-1
212,5,415,951,295,317,1,-1,-1,-1
212,6,707,638,171,166,1,-1,-1,-1
212,7,981,393,99,85,1,-1,-1,-1
213,5,396,968,301,329,1,-1,-1,-1
213,6,699,646,173,169,1,-1,-1,-1
213,7,980,396,99,86,1,-1,-1,-1
214,5,376,985,309,341,1,-1,-1,-1
214,6,690,654,175,172,1,-1,-1,-1
214,7,978,399,101,86,1,-1,-1,-1
215,5,357,1002,316,353,1,-1,-1,-1
215,6,682,662,177,175,1,-1,-1,-1
215,7,977,401,101,88,1,-1,-1,-1
216,5,337,1019,324,365,1,-1,-1,-1
216,6,668,672,182,182,1,-1,-1,-1
216,7,976,404,102,89,1,-1,-1,-1
217,5,318,1036,331,377,1,-1,-1,-1
217,6,655,683,187,188,1,-1,-1,-1
217,7,974,407,103,90,1,-1,-1,-1
218,5,293,1057,342,372,1,-1,-1,-1
218,6,642,694,192,194,1,-1,-1,-1
218,7,973,410,103,91,1,-1,-1,-1
219,5,268,1078,354,367,1,-1,-1,-1
219,6,629,705,197,200,1,-1,-1,-1
219,7,972,413,104,91,1,-1,-1,-1
220,5,243,1099,366,363,1,-1,-1,-1
220,6,616,716,202,207,1,-1,-1,-1
220,7,970,416,105,92,1,-1,-1,-1
221,5,218,1120,377,358,1,-1,-1,-1
221,6,602,726,207,214,1,-1,-1,-1
221,7,969,419,106,93,1,-1,-1,-1
222,5,193,1141,389,353,1,-1,-1,-1
222,6,589,737,212,220,1,-1,-1,-1
222,7,968,422,106,94,1,-1,-1,-1
223,5,168,1162,401,349,1,-1,-1,-1
223,6,576,748,217,226,1,-1,-1,-1
223,7,967,425,107,95,1,-1,-1,-1
224,5,150,1188,401,323,1,-1,-1,-1
224,6,563,759,222,232,1,-1,-1,-1
224,7,962,429,107,96,1,-1,-1,-1
225,5,132,1214,401,297,1,-1,-1,-1
225,6,550,770,227,239,1,-1,-1,-1
225,7,957,433,108,97,1,-1,-1,-1
226,5,115,1240,401,271,1,-1,-1,-1
226,6,533,784,234,247,1,-1,-1,-1
226,7,952,437,109,98,1,-1,-1,-1
227,5,97,1266,401,245,1,-1,-1,-1
227,6,516,798,241,256,1,-1,-1,-1
227,7,947,441,109,99,1,-1,-1,-1
228,5,80,1292,401,219,1,-1,-1,-1
228,6,500,813,247,264,1,-1,-1,-1
228,7,942,445,110,100,1,-1,-1,-1
229,5,86,1326,372,185,1,-1,-1,-1
229,6,483,827,254,273,1,-1,-1,-1
229,7,937,450,111,101,1,-1,-1,-1
230,5,93,1361,343,150,1,-1,-1,-1
230,6,467,842,260,281,1,-1,-1,-1
230,7,932,454,112,102,1,-1,-1,-1
231,5,99,1396,315,115,1,-1,-1,-1
231,6,450,856,267,289,1,-1,-1,-1
231,7,927,458,113,103,1,-1,-1,-1
232,5,106,1431,286,80,1,-1,-1,-1
232,6,433,870,274,298,1,-1,-1,-1
232,7,922,463,114,104,1,-1,-1,-1
233,6,417,885,280,306,1,-1,-1,-1
233,7,917,467,115,105,1,-1,-1,-1
234,6,400,899,287,315,1,-1,-1,-1
234,7,912,472,116,106,1,-1,-1,-1
235,6,384,914,293,323,1,-1,-1,-1
235,7,905,477,118,108,1,-1,-1,-1
235,12,1128,269,86,47,1,-1,-1,-1
236,6,360,931,305,333,1,-1,-1,-1
236,7,898,482,120,111,1,-1,-1,-1
236,12,1123,274,74,50,1,-1,-1,-1
237,6,336,949,318,342,1,-1,-1,-1
237,7,891,487,122,114,1,-1,-1,-1
237,12,1131,268,74,47,1,-1,-1,-1
238,6,313,967,329,351,1,-1,-1,-1
238,7,884,492,125,116,1,-1,-1,-1
238,12,1107,269,80,62,1,-1,-1,-1
239,6,289,985,342,360,1,-1,-1,-1
239,7,878,497,126,119,1,-1,-1,-1
239,12,1104,274,81,63,1,-1,-1,-1
240,6,266,1003,354,369,1,-1,-1,-1
240,7,871,502,128,122,1,-1,-1,-1
240,12,1101,280,82,63,1,-1,-1,-1
241,6,242,1020,366,379,1,-1,-1,-1
241,7,864,507,131,124,1,-1,-1,-1
241,12,1098,285,83,65,1,-1,-1,-1
242,6,218,1038,379,388,1,-1,-1,-1
242,7,857,512,133,127,1,-1,-1,-1
242,12,1096,291,83,65,1,-1,-1,-1
243,6,195,1056,390,397,1,-1,-1,-1
243,7,851,517,134,130,1,-1,-1,-1
243,12,1093,297,84,65,1,-1,-1,-1
244,6,171,1074,403,406,1,-1,-1,-1
244,7,844,522,137,132,1,-1,-1,-1
244,12,1090,302,85,67,1,-1,-1,-1
245,6,148,1092,415,415,1,-1,-1,-1
245,7,837,527,139,135,1,-1,-1,-1
245,12,1087,308,86,67,1,-1,-1,-1
246,6,133,1116,415,391,1,-1,-1,-1
246,7,830,532,141,138,1,-1,-1,-1
246,12,1085,314,86,67,1,-1,-1,-1
247,6,119,1141,415,367,1,-1,-1,-1
247,7,824,538,143,140,1,-1,-1,-1
247,12,1082,319,87,69,1,-1,-1,-1
248,6,105,1165,415,343,1,-1,-1,-1
248,7,816,545,145,143,1,-1,-1,-1
248,12,1079,325,88,69,1,-1,-1,-1
249,6,90,1190,415,319,1,-1,-1,-1
249,7,809,552,146,147,1,-1,-1,-1
249,12,1076,330,89,70,1,-1,-1,-1
250,6,76,1214,415,295,1,-1,-1,-1
250,7,802,560,148,149,1,-1,-1,-1
250,12,1074,336,89,71,1,-1,-1,-1
251,6,62,1239,415,271,1,-1,-1,-1
251,7,794,567,150,153,1,-1,-1,-1
251,12,1071,342,90,71,1,-1,-1,-1
252,6,48,1264,415,247,1,-1,-1,-1
252,7,787,574,151,156,1,-1,-1,-1
252,12,1068,347,91,72,1,-1,-1,-1
253,6,27,1289,414,221,1,-1,-1,-1
253,7,780,582,153,159,1,-1,-1,-1
253,12,1066,353,92,73,1,-1,-1,-1
254,6,7,1315,413,195,1,-1,-1,-1
254,7,770,591,156,163,1,-1,-1,-1
254,11,962,478,104,90,1,-1,-1,-1
254,12,1063,359,93,73,1,-1,-1,-1
255,6,14,1349,389,160,1,-1,-1,-1
255,7,760,601,160,167,1,-1,-1,-1
255,11,954,482,106,93,1,-1,-1,-1
255,12,1060,364,94,74,1,-1,-1,-1
256,6,21,1383,365,125,1,-1,-1,-1
256,7,750,611,164,170,1,-1,-1,-1
256,11,946,487,109,95,1,-1,-1,-1
256,12,1057,370,95,75,1,-1,-1,-1
257,6,0,1400,359,111,1,-1,-1,-1
257,7,740,621,168,174,1,-1,-1,-1
257,11,939,492,111,97,1,-1,-1,-1
257,12,1055,376,95,75,1,-1,-1,-1
258,7,730,631,172,178,1,-1,-1,-1
258,11,931,497,114,99,1,-1,-1,-1
258,12,1052,381,96,76,1,-1,-1,-1
259,7,720,641,176,181,1,-1,-1,-1
259,11,923,502,117,101,1,-1,-1,-1
259,12,1049,387,97,77,1,-1,-1,-1
260,7,710,651,180,185,1,-1,-1,-1
260,11,916,507,119,103,1,-1,-1,-1
260,12,1046,392,98,78,1,-1,-1,-1
261,7,700,661,184,189,1,-1,-1,-1
261,11,908,512,122,105,1,-1,-1,-1
261,12,1044,398,98,78,1,-1,-1,-1
262,7,690,670,187,193,1,-1,-1,-1
262,11,900,517,125,107,1,-1,-1,-1
262,12,1041,404,99,79,1,-1,-1,-1
263,7,680,680,191,197,1,-1,-1,-1
263,11,893,522,127,109,1,-1,-1,-1
263,12,1038,409,100,80,1,-1,-1,-1
264,7,670,690,195,201,1,-1,-1,-1
264,11,885,526,130,112,1,-1,-1,-1
264,12,1035,415,101,80,1,-1,-1,-1
265,7,660,700,199,204,1,-1,-1,-1
265,11,877,531,133,114,1,-1,-1,-1
265,12,1033,421,101,81,1,-1,-1,-1
266,7,650,710,203,208,1,-1,-1,-1
266,11,870,536,135,116,1,-1,-1,-1
266,12,1030,426,102,82,1,-1,-1,-1
267,7,640,720,207,212,1,-1,-1,-1
267,11,862,541,138,118,1,-1,-1,-1
267,12,1027,432,103,82,1,-1,-1,-1
268,7,630,730,211,215,1,-1,-1,-1
268,11,854,546,141,120,1,-1,-1,-1
268,12,1025,438,104,83,1,-1,-1,-1
269,7,620,740,215,219,1,-1,-1,-1
269,11,847,551,143,122,1,-1,-1,-1
269,12,1021,441,105,84,1,-1,-1,-1
270,7,610,750,219,223,1,-1,-1,-1
270,11,839,556,146,124,1,-1,-1,-1
270,12,1018,444,105,85,1,-1,-1,-1
271,7,595,763,225,233,1,-1,-1,-1
271,11,831,561,149,126,1,-1,-1,-1
271,12,1015,447,106,86,1,-1,-1,-1
272,7,580,776,232,243,1,-1,-1,-1
272,11,824,566,151,129,1,-1,-1,-1
272,12,1012,450,106,87,1,-1,-1,-1
273,7,566,790,238,253,1,-1,-1,-1
273,11,814,575,154,132,1,-1,-1,-1
273,12,1009,453,107,88,1,-1,-1,-1
274,7,551,803,244,263,1,-1,-1,-1
274,11,804,584,157,135,1,-1,-1,-1
274,12,1005,456,108,89,1,-1,-1,-1
275,7,537,817,250,273,1,-1,-1,-1
275,11,794,593,160,138,1,-1,-1,-1
275,12,1002,459,108,90,1,-1,-1,-1
276,7,522,830,257,283,1,-1,-1,-1
276,11,784,602,163,141,1,-1,-1,-1
276,12,998,462,109,91,1,-1,-1,-1
277,7,508,844,263,293,1,-1,-1,-1
277,11,774,611,167,145,1,-1,-1,-1
277,12,995,465,110,92,1,-1,-1,-1
278,7,493,857,269,303,1,-1,-1,-1
278,11,764,620,170,148,1,-1,-1,-1
278,12,992,468,110,93,1,-1,-1,-1
279,7,478,870,276,313,1,-1,-1,-1
279,11,754,629,173,151,1,-1,-1,-1
279,12,988,471,111,94,1,-1,-1,-1
280,7,464,884,282,323,1,-1,-1,-1
280,11,744,638,176,154,1,-1,-1,-1
280,12,985,474,111,95,1,-1,-1,-1
281,7,449,897,288,333,1,-1,-1,-1
281,11,735,647,179,158,1,-1,-1,-1
281,12,982,478,112,96,1,-1,-1,-1
282,7,435,911,294,343,1,-1,-1,-1
282,11,725,656,182,161,1,-1,-1,-1
282,12,977,480,113,98,1,-1,-1,-1
283,7,420,924,301,353,1,-1,-1,-1
283,11,715,665,185,164,1,-1,-1,-1
283,12,972,482,114,101,1,-1,-1,-1
284,7,406,938,307,363,1,-1,-1,-1
284,11,705,674,188,167,1,-1,-1,-1
284,12,967,485,116,102,1,-1,-1,-1
285,7,383,958,319,366,1,-1,-1,-1
285,11,695,683,191,170,1,-1,-1,-1
285,12,962,487,117,105,1,-1,-1,-1
286,7,361,979,331,368,1,-1,-1,-1
286,11,685,692,195,174,1,-1,-1,-1
286,12,957,490,119,107,1,-1,-1,-1
287,7,339,1000,343,371,1,-1,-1,-1
287,11,675,701,198,177,1,-1,-1,-1
287,12,950,494,121,109,1,-1,-1,-1
288,7,317,1020,355,374,1,-1,-1,-1
288,11,665,710,201,180,1,-1,-1,-1
288,12,943,498,124,112,1,-1,-1,-1
289,7,294,1041,367,376,1,-1,-1,-1
289,11,655,719,204,183,1,-1,-1,-1
289,12,937,503,126,114,1,-1,-1,-1
290,7,272,1062,379,379,1,-1,-1,-1
290,11,646,728,207,187,1,-1,-1,-1
290,12,930,507,128,116,1,-1,-1,-1
291,7,250,1082,391,382,1,-1,-1,-1
291,11,633,740,211,195,1,-1,-1,-1
291,12,923,512,131,118,1,-1,-1,-1
292,7,228,1103,403,384,1,-1,-1,-1
292,11,620,752,215,203,1,-1,-1,-1
292,12,917,516,133,121,1,-1,-1,-1
293,7,206,1124,415,387,1,-1,-1,-1
293,11,608,764,218,211,1,-1,-1,-1
293,12,910,521,136,123,1,-1,-1,-1
294,7,191,1148,415,362,1,-1,-1,-1
294,11,595,776,223,219,1,-1,-1,-1
294,12,903,525,138,125,1,-1,-1,-1
295,7,177,1172,415,338,1,-1,-1,-1
295,11,583,788,226,227,1,-1,-1,-1
295,12,897,530,140,127,1,-1,-1,-1
296,7,162,1196,415,313,1,-1,-1,-1
296,11,570,801,230,234,1,-1,-1,-1
296,12,890,534,143,130,1,-1,-1,-1
297,7,148,1220,415,289,1,-1,-1,-1
297,11,558,813,233,242,1,-1,-1,-1
297,12,883,539,146,132,1,-1,-1,-1
298,7,141,1254,405,255,1,-1,-1,-1
298,11,545,825,238,250,1,-1,-1,-1
298,12,877,543,147,134,1,-1,-1,-1
299,7,134,1288,395,221,1,-1,-1,-1
299,11,533,837,241,258,1,-1,-1,-1
299,12,870,548,150,136,1,-1,-1,-1
300,7,127,1322,385,188,1,-1,-1,-1
300,11,520,849,245,266,1,-1,-1,-1
300,12,863,552,153,139,1,-1,-1,-1
301,7,120,1356,375,154,1,-1,-1,-1
301,11,508,862,249,273,1,-1,-1,-1
301,12,857,557,155,141,1,-1,-1,-1
302,11,492,876,257,282,1,-1,-1,-1
302,12,847,564,158,143,1,-1,-1,-1
303,11,477,890,264,292,1,-1,-1,-1
303,12,838,572,160,144,1,-1,-1,-1
304,11,462,905,272,301,1,-1,-1,-1
304,12,829,579,162,146,1,-1,-1,-1
305,11,447,919,279,310,1,-1,-1,-1
305,12,820,587,165,148,1,-1,-1,-1
306,11,432,933,286,320,1,-1,-1,-1
306,12,811,595,167,149,1,-1,-1,-1
307,11,417,948,294,329,1,-1,-1,-1
307,12,802,602,169,151,1,-1,-1,-1
308,11,401,962,302,338,1,-1,-1,-1
308,12,792,610,172,152,1,-1,-1,-1
309,11,386,976,309,348,1,-1,-1,-1
309,12,783,617,175,155,1,-1,-1,-1
310,11,371,991,317,357,1,-1,-1,-1
310,12,774,625,177,156,1,-1,-1,-1
311,11,356,1005,324,366,1,-1,-1,-1
311,12,765,633,179,157,1,-1,-1,-1
312,11,341,1019,331,376,1,-1,-1,-1
312,12,756,640,182,160,1,-1,-1,-1
313,11,326,1034,339,385,1,-1,-1,-1
313,12,747,648,184,161,1,-1,-1,-1
314,11,310,1047,348,383,1,-1,-1,-1
314,12,737,655,187,163,1,-1,-1,-1
315,11,295,1061,356,381,1,-1,-1,-1
315,12,728,663,189,164,1,-1,-1,-1
316,11,280,1075,364,378,1,-1,-1,-1
316,12,719,671,192,166,1,-1,-1,-1
317,11,265,1089,372,376,1,-1,-1,-1
317,12,710,678,194,168,1,-1,-1,-1
318,11,249,1102,381,374,1,-1,-1,-1
318,12,701,686,196,169,1,-1,-1,-1
319,11,234,1116,389,372,1,-1,-1,-1
319,12,692,694,199,171,1,-1,-1,-1
320,11,219,1130,397,369,1,-1,-1,-1
320,12,680,704,203,178,1,-1,-1,-1
321,11,204,1144,405,367,1,-1,-1,-1
321,12,668,714,207,185,1,-1,-1,-1
322,11,199,1155,404,356,1,-1,-1,-1
322,12,656,724,211,192,1,-1,-1,-1
323,11,195,1167,402,344,1,-1,-1,-1
323,12,645,735,214,198,1,-1,-1,-1
324,11,191,1179,400,332,1,-1,-1,-1
324,12,633,745,218,205,1,-1,-1,-1
325,11,186,1191,399,320,1,-1,-1,-1
325,12,621,755,222,212,1,-1,-1,-1
326,11,182,1203,397,308,1,-1,-1,-1
326,12,609,765,226,219,1,-1,-1,-1
327,11,178,1215,395,296,1,-1,-1,-1
327,12,598,776,230,225,1,-1,-1,-1
328,11,173,1226,394,285,1,-1,-1,-1
328,12,586,786,234,232,1,-1,-1,-1
329,11,169,1238,392,273,1,-1,-1,-1
329,12,574,796,238,239,1,-1,-1,-1
330,11,165,1250,390,261,1,-1,-1,-1
330,12,562,806,242,246,1,-1,-1,-1
331,11,160,1262,389,249,1,-1,-1,-1
331,12,551,817,245,252,1,-1,-1,-1
332,11,156,1274,387,237,1,-1,-1,-1
332,12,539,827,249,259,1,-1,-1,-1
333,11,152,1286,385,225,1,-1,-1,-1
333,12,527,837,253,266,1,-1,-1,-1
334,11,148,1303,378,208,1,-1,-1,-1
334,12,515,847,257,273,1,-1,-1,-1
335,11,145,1320,370,191,1,-1,-1,-1
335,12,504,858,261,279,1,-1,-1,-1
336,11,142,1337,363,174,1,-1,-1,-1
336,12,492,867,266,285,1,-1,-1,-1
337,11,139,1354,355,157,1,-1,-1,-1
337,12,481,877,271,290,1,-1,-1,-1
338,11,136,1371,348,140,1,-1,-1,-1
338,12,469,886,276,296,1,-1,-1,-1
339,11,133,1388,340,123,1,-1,-1,-1
339,12,458,896,281,302,1,-1,-1,-1
340,12,446,905,286,308,1,-1,-1,-1
341,12,435,915,291,313,1,-1,-1,-1
342,12,424,925,296,319,1,-1,-1,-1
343,12,412,934,301,325,1,-1,-1,-1
344,12,401,944,306,330,1,-1,-1,-1
345,12,389,953,311,336,1,-1,-1,-1
345,15,2301,1287,384,224,1,-1,-1,-1
346,12,378,963,316,342,1,-1,-1,-1
346,15,2269,1248,392,262,1,-1,-1,-1
347,12,366,972,321,348,1,-1,-1,-1
347,15,2238,1210,399,299,1,-1,-1,-1
348,12,355,982,326,353,1,-1,-1,-1
348,15,2207,1172,406,336,1,-1,-1,-1
349,12,344,992,331,359,1,-1,-1,-1
349,15,2176,1134,414,374,1,-1,-1,-1
350,12,332,1002,336,361,1,-1,-1,-1
350,15,2156,1107,399,360,1,-1,-1,-1
351,12,321,1012,341,363,1,-1,-1,-1
351,15,2136,1081,384,345,1,-1,-1,-1
352,12,309,1022,347,365,1,-1,-1,-1
352,15,2117,1055,368,330,1,-1,-1,-1
353,12,298,1032,351,368,1,-1,-1,-1
353,15,2097,1029,353,315,1,-1,-1,-1
354,12,287,1042,356,370,1,-1,-1,-1
354,15,2077,1003,338,300,1,-1,-1,-1
355,12,275,1052,362,372,1,-1,-1,-1
355,15,2058,977,322,285,1,-1,-1,-1
356,12,264,1063,366,374,1,-1,-1,-1
356,15,2038,950,307,271,1,-1,-1,-1
357,12,252,1073,372,376,1,-1,-1,-1
357,15,2018,924,292,256,1,-1,-1,-1
358,12,241,1083,377,378,1,-1,-1,-1
358,15,1999,898,276,241,1,-1,-1,-1
359,12,230,1093,381,381,1,-1,-1,-1
359,15,1979,872,261,226,1,-1,-1,-1
360,12,218,1103,387,383,1,-1,-1,-1
360,15,1959,846,246,211,1,-1,-1,-1
361,12,207,1113,392,385,1,-1,-1,-1
361,15,1940,820,231,197,1,-1,-1,-1
362,12,196,1124,397,387,1,-1,-1,-1
362,15,1927,804,224,190,1,-1,-1,-1
363,12,191,1138,394,373,1,-1,-1,-1
363,15,1915,788,217,183,1,-1,-1,-1
364,12,186,1153,392,358,1,-1,-1,-1
364,15,1902,772,211,177,1,-1,-1,-1
365,12,181,1167,390,344,1,-1,-1,-1
365,15,1890,756,203,170,1,-1,-1,-1
366,12,176,1182,388,329,1,-1,-1,-1
366,15,1878,740,196,164,1,-1,-1,-1
367,12,171,1196,385,315,1,-1,-1,-1
367,15,1865,724,190,157,1,-1,-1,-1
368,12,166,1211,383,300,1,-1,-1,-1
368,15,1853,708,183,151,1,-1,-1,-1
369,12,161,1225,381,286,1,-1,-1,-1
369,15,1841,692,175,144,1,-1,-1,-1
370,12,156,1240,379,271,1,-1,-1,-1
370,15,1828,676,169,138,1,-1,-1,-1
371,12,153,1268,379,243,1,-1,-1,-1
371,15,1816,660,162,131,1,-1,-1,-1
372,12,145,1282,379,229,1,-1,-1,-1
372,15,1804,644,155,125,1,-1,-1,-1
373,12,137,1296,379,215,1,-1,-1,-1
373,15,1793,632,152,122,1,-1,-1,-1
374,12,130,1310,379,201,1,-1,-1,-1
374,15,1783,620,149,120,1,-1,-1,-1
375,12,129,1336,365,175,1,-1,-1,-1
375,15,1773,609,145,117,1,-1,-1,-1
376,12,129,1362,351,149,1,-1,-1,-1
376,15,1763,597,142,115,1,-1,-1,-1
377,12,129,1388,337,123,1,-1,-1,-1
377,15,1753,586,139,112,1,-1,-1,-1
378,12,138,1404,316,107,1,-1,-1,-1
378,15,1742,574,136,109,1,-1,-1,-1
379,12,148,1420,295,91,1,-1,-1,-1
379,15,1732,562,133,107,1,-1,-1,-1
380,12,159,1441,265,70,1,-1,-1,-1
380,15,1722,551,129,104,1,-1,-1,-1
381,15,1712,539,126,102,1,-1,-1,-1
382,15,1702,528,123,99,1,-1,-1,-1
383,15,1693,519,121,97,1,-1,-1,-1
384,15,1684,511,120,95,1,-1,-1,-1
385,15,1676,503,118,93,1,-1,-1,-1
386,15,1667,494,116,91,1,-1,-1,-1
387,15,1658,486,115,89,1,-1,-1,-1
388,15,1650,478,113,87,1,-1,-1,-1
389,15,1643,472,110,85,1,-1,-1,-1
390,15,1636,466,108,83,1,-1,-1,-1
391,15,1630,460,105,81,1,-1,-1,-1
392,15,1623,454,102,79,1,-1,-1,-1
393,15,1616,448,100,77,1,-1,-1,-1
394,15,1610,442,97,75,1,-1,-1,-1
395,15,1605,433,97,75,1,-1,-1,-1
396,15,1600,425,97,75,1,-1,-1,-1
397,15,1595,416,97,75,1,-1,-1,-1
397,17,1065,261,65,36,1,-1,-1,-1
398,15,1590,408,97,75,1,-1,-1,-1
398,17,1047,264,66,38,1,-1,-1,-1
399,15,1585,399,97,75,1,-1,-1,-1
399,17,1029,267,67,41,1,-1,-1,-1
400,15,1580,391,97,75,1,-1,-1,-1
400,17,1011,270,68,44,1,-1,-1,-1
401,15,1575,382,97,75,1,-1,-1,-1
401,17,1014,285,69,48,1,-1,-1,-1
402,15,1570,374,97,75,1,-1,-1,-1
402,17,1017,300,70,53,1,-1,-1,-1
403,15,1563,364,97,75,1,-1,-1,-1
403,17,1020,315,72,58,1,-1,-1,-1
404,15,1557,354,97,75,1,-1,-1,-1
404,17,1024,330,72,63,1,-1,-1,-1
405,15,1550,344,97,75,1,-1,-1,-1
405,17,1027,345,73,68,1,-1,-1,-1
406,15,1544,334,97,75,1,-1,-1,-1
406,17,1030,360,75,73,1,-1,-1,-1
407,15,1538,324,97,75,1,-1,-1,-1
407,17,1033,375,76,78,1,-1,-1,-1
408,15,1535,324,92,74,1,-1,-1,-1
408,17,1037,390,77,83,1,-1,-1,-1
409,15,1533,325,86,72,1,-1,-1,-1
409,17,1035,393,78,83,1,-1,-1,-1
410,15,1530,326,82,71,1,-1,-1,-1
410,17,1033,396,80,84,1,-1,-1,-1
411,15,1528,327,76,69,1,-1,-1,-1
411,17,1031,400,81,84,1,-1,-1,-1
412,15,1526,328,70,68,1,-1,-1,-1
412,17,1029,403,83,85,1,-1,-1,-1
413,15,1523,329,66,66,1,-1,-1,-1
413,17,1027,406,84,86,1,-1,-1,-1
414,15,1521,330,60,65,1,-1,-1,-1
414,17,1025,410,86,86,1,-1,-1,-1
415,15,1519,331,54,63,1,-1,-1,-1
415,17,1021,412,88,87,1,-1,-1,-1
416,15,1516,332,50,62,1,-1,-1,-1
416,17,1018,415,89,87,1,-1,-1,-1
417,15,1514,333,44,60,1,-1,-1,-1
417,17,1015,418,90,87,1,-1,-1,-1
418,15,1512,334,39,59,1,-1,-1,-1
418,17,1011,420,92,88,1,-1,-1,-1
419,15,1510,331,39,59,1,-1,-1,-1
419,17,1008,423,93,88,1,-1,-1,-1
420,15,1508,329,39,59,1,-1,-1,-1
420,17,1005,426,94,88,1,-1,-1,-1
421,15,1506,326,39,59,1,-1,-1,-1
421,17,1001,428,96,89,1,-1,-1,-1
422,15,1504,324,39,59,1,-1,-1,-1
422,17,998,431,97,89,1,-1,-1,-1
423,15,1502,321,39,59,1,-1,-1,-1
423,17,995,434,98,89,1,-1,-1,-1
424,15,1500,319,39,59,1,-1,-1,-1
424,17,990,438,99,90,1,-1,-1,-1
425,15,1498,316,39,59,1,-1,-1,-1
425,17,986,442,100,92,1,-1,-1,-1
426,15,1496,314,39,59,1,-1,-1,-1
426,17,981,446,101,94,1,-1,-1,-1
427,15,1494,312,39,59,1,-1,-1,-1
427,17,977,450,102,96,1,-1,-1,-1
428,15,1490,309,40,59,1,-1,-1,-1
428,17,972,454,104,98,1,-1,-1,-1
429,15,1486,307,42,59,1,-1,-1,-1
429,17,968,458,104,100,1,-1,-1,-1
430,15,1482,305,43,59,1,-1,-1,-1
430,17,963,462,106,102,1,-1,-1,-1
431,15,1478,303,45,59,1,-1,-1,-1
431,17,959,466,107,104,1,-1,-1,-1
432,15,1474,301,46,59,1,-1,-1,-1
432,17,954,470,109,100,1,-1,-1,-1
433,15,1470,298,48,59,1,-1,-1,-1
433,17,950,474,111,96,1,-1,-1,-1
434,15,1466,296,49,59,1,-1,-1,-1
434,17,946,478,113,93,1,-1,-1,-1
435,15,1462,294,51,59,1,-1,-1,-1
435,17,939,482,117,96,1,-1,-1,-1
436,15,1458,292,52,59,1,-1,-1,-1
436,17,933,486,120,99,1,-1,-1,-1
437,15,1455,290,53,59,1,-1,-1,-1
437,17,927,491,124,101,1,-1,-1,-1
438,15,1461,280,53,65,1,-1,-1,-1
438,17,921,495,127,104,1,-1,-1,-1
439,15,1449,280,59,62,1,-1,-1,-1
439,17,915,500,131,107,1,-1,-1,-1
439,20,2283,1308,402,203,1,-1,-1,-1
440,15,1449,280,56,56,1,-1,-1,-1
440,17,909,505,132,108,1,-1,-1,-1
440,20,2259,1266,406,245,1,-1,-1,-1
441,15,1446,283,53,53,1,-1,-1,-1
441,17,903,510,133,109,1,-1,-1,-1
441,20,2235,1224,411,287,1,-1,-1,-1
442,15,1443,280,56,53,1,-1,-1,-1
442,17,897,515,134,111,1,-1,-1,-1
442,20,2212,1189,411,322,1,-1,-1,-1
443,15,1443,274,62,53,1,-1,-1,-1
443,17,891,520,136,112,1,-1,-1,-1
443,20,2190,1155,411,356,1,-1,-1,-1
444,15,1443,274,53,56,1,-1,-1,-1
444,17,885,525,137,114,1,-1,-1,-1
444,20,2168,1128,401,379,1,-1,-1,-1
445,15,1443,274,53,47,1,-1,-1,-1
445,17,879,530,138,115,1,-1,-1,-1
445,20,2147,1097,389,365,1,-1,-1,-1
446,15,1444,276,39,43,1,-1,-1,-1
446,17,873,535,140,116,1,-1,-1,-1
446,20,2127,1066,377,352,1,-1,-1,-1
447,15,1444,276,39,43,1,-1,-1,-1
447,17,867,540,141,118,1,-1,-1,-1
447,20,2106,1036,365,338,1,-1,-1,-1
448,15,1444,274,39,43,1,-1,-1,-1
448,17,861,545,142,119,1,-1,-1,-1
448,20,2086,1005,353,325,1,-1,-1,-1
449,15,1442,272,39,43,1,-1,-1,-1
449,17,856,550,143,121,1,-1,-1,-1
449,20,2066,975,341,311,1,-1,-1,-1
450,15,1440,271,40,43,1,-1,-1,-1
450,17,848,556,145,123,1,-1,-1,-1
450,20,2051,954,329,298,1,-1,-1,-1
451,15,1438,269,40,43,1,-1,-1,-1
451,17,841,562,147,126,1,-1,-1,-1
451,20,2036,934,317,285,1,-1,-1,-1
452,15,1436,267,41,44,1,-1,-1,-1
452,17,834,568,149,129,1,-1,-1,-1
452,20,2022,914,305,271,1,-1,-1,-1
453,15,1434,266,41,43,1,-1,-1,-1
453,17,826,575,151,131,1,-1,-1,-1
453,20,2007,894,293,258,1,-1,-1,-1
454,15,1432,264,42,44,1,-1,-1,-1
454,17,819,581,153,134,1,-1,-1,-1
454,20,1992,874,281,244,1,-1,-1,-1
455,15,1431,263,41,43,1,-1,-1,-1
455,17,812,587,155,136,1,-1,-1,-1
455,20,1978,854,269,231,1,-1,-1,-1
456,15,1429,261,42,44,1,-1,-1,-1
456,17,804,593,157,139,1,-1,-1,-1
456,20,1963,834,257,217,1,-1,-1,-1
457,15,1427,260,42,43,1,-1,-1,-1
457,17,797,600,159,141,1,-1,-1,-1
457,20,1948,814,245,204,1,-1,-1,-1
458,15,1425,258,43,44,1,-1,-1,-1
458,17,790,606,161,144,1,-1,-1,-1
458,20,1934,794,233,191,1,-1,-1,-1
459,15,1424,257,42,43,1,-1,-1,-1
459,17,782,612,163,147,1,-1,-1,-1
459,20,1926,788,221,177,1,-1,-1,-1
460,15,1422,255,43,44,1,-1,-1,-1
460,17,775,618,165,149,1,-1,-1,-1
460,18,900,476,113,85,1,-1,-1,-1
460,20,1916,774,215,173,1,-1,-1,-1
461,15,1420,254,43,43,1,-1,-1,-1
461,17,768,625,167,151,1,-1,-1,-1
461,18,895,480,114,88,1,-1,-1,-1
461,20,1906,761,210,168,1,-1,-1,-1
462,15,1418,252,44,44,1,-1,-1,-1
462,17,760,631,169,154,1,-1,-1,-1
462,18,890,485,115,90,1,-1,-1,-1
462,20,1896,747,205,165,1,-1,-1,-1
463,15,1417,251,44,44,1,-1,-1,-1
463,17,753,637,171,157,1,-1,-1,-1
463,18,885,490,116,92,1,-1,-1,-1
463,20,1886,734,199,160,1,-1,-1,-1
464,15,1415,249,44,44,1,-1,-1,-1
464,17,746,644,173,159,1,-1,-1,-1
464,18,880,495,118,94,1,-1,-1,-1
464,20,1876,720,194,156,1,-1,-1,-1
465,15,1414,248,44,44,1,-1,-1,-1
465,17,736,652,176,163,1,-1,-1,-1
465,18,875,500,119,97,1,-1,-1,-1
465,20,1866,707,189,152,1,-1,-1,-1
466,15,1412,247,45,44,1,-1,-1,-1
466,17,727,661,179,167,1,-1,-1,-1
466,18,870,505,120,99,1,-1,-1,-1
466,20,1856,693,183,148,1,-1,-1,-1
467,15,1411,245,45,44,1,-1,-1,-1
467,17,717,670,182,171,1,-1,-1,-1
467,18,865,510,121,101,1,-1,-1,-1
467,20,1846,680,178,143,1,-1,-1,-1
468,15,1410,244,45,44,1,-1,-1,-1
468,17,708,678,185,176,1,-1,-1,-1
468,18,860,514,123,104,1,-1,-1,-1
468,20,1836,666,173,140,1,-1,-1,-1
469,15,1408,243,46,44,1,-1,-1,-1
469,17,698,687,188,180,1,-1,-1,-1
469,18,855,519,124,106,1,-1,-1,-1
469,20,1826,653,167,135,1,-1,-1,-1
470,15,1407,241,46,44,1,-1,-1,-1
470,17,689,696,191,184,1,-1,-1,-1
470,18,850,524,125,109,1,-1,-1,-1
470,20,1816,639,162,131,1,-1,-1,-1
471,15,1405,240,47,44,1,-1,-1,-1
471,17,680,705,194,188,1,-1,-1,-1
471,18,845,529,126,111,1,-1,-1,-1
471,20,1806,626,157,127,1,-1,-1,-1
472,15,1404,239,47,44,1,-1,-1,-1
472,17,670,713,197,192,1,-1,-1,-1
472,18,840,534,128,113,1,-1,-1,-1
472,20,1797,617,154,124,1,-1,-1,-1
473,15,1403,238,47,44,1,-1,-1,-1
473,17,661,722,200,196,1,-1,-1,-1
473,18,835,539,129,115,1,-1,-1,-1
473,20,1788,608,152,121,1,-1,-1,-1
474,15,1401,236,48,45,1,-1,-1,-1
474,17,651,731,203,200,1,-1,-1,-1
474,18,830,544,130,117,1,-1,-1,-1
474,20,1780,599,148,118,1,-1,-1,-1
475,15,1400,235,48,45,1,-1,-1,-1
475,17,642,739,206,205,1,-1,-1,-1
475,18,825,549,132,120,1,-1,-1,-1
475,20,1771,590,146,115,1,-1,-1,-1
476,15,1399,234,48,45,1,-1,-1,-1
476,17,632,748,209,209,1,-1,-1,-1
476,18,820,553,133,123,1,-1,-1,-1
476,20,1763,582,143,111,1,-1,-1,-1
477,15,1397,232,49,46,1,-1,-1,-1
477,17,623,757,212,213,1,-1,-1,-1
477,18,815,558,134,125,1,-1,-1,-1
477,20,1754,573,140,108,1,-1,-1,-1
478,15,1396,231,49,46,1,-1,-1,-1
478,17,614,766,215,217,1,-1,-1,-1
478,18,810,563,135,127,1,-1,-1,-1
478,20,1745,564,138,105,1,-1,-1,-1
479,15,1395,230,49,46,1,-1,-1,-1
479,17,599,779,222,223,1,-1,-1,-1
479,18,805,568,137,129,1,-1,-1,-1
479,20,1737,555,134,102,1,-1,-1,-1
480,15,1394,229,49,46,1,-1,-1,-1
480,17,585,792,228,230,1,-1,-1,-1
480,18,800,573,138,132,1,-1,-1,-1
480,20,1728,546,132,99,1,-1,-1,-1
481,15,1392,227,50,47,1,-1,-1,-1
481,17,570,805,235,237,1,-1,-1,-1
481,18,795,578,139,134,1,-1,-1,-1
481,20,1720,538,129,95,1,-1,-1,-1
482,15,1391,226,50,47,1,-1,-1,-1
482,17,556,818,241,244,1,-1,-1,-1
482,18,790,583,140,136,1,-1,-1,-1
482,20,1714,532,126,91,1,-1,-1,-1
483,15,1390,225,50,47,1,-1,-1,-1
483,17,542,831,248,251,1,-1,-1,-1
483,18,785,587,142,139,1,-1,-1,-1
483,20,1708,526,124,88,1,-1,-1,-1
484,15,1389,224,50,47,1,-1,-1,-1
484,17,527,844,255,257,1,-1,-1,-1
484,18,780,592,143,141,1,-1,-1,-1
484,20,1702,520,122,84,1,-1,-1,-1
485,15,1390,223,50,47,1,-1,-1,-1
485,17,513,857,261,264,1,-1,-1,-1
485,18,775,597,144,144,1,-1,-1,-1
485,20,1696,514,119,81,1,-1,-1,-1
486,15,1391,222,50,47,1,-1,-1,-1
486,17,498,870,268,271,1,-1,-1,-1
486,18,770,602,145,146,1,-1,-1,-1
486,20,1690,508,117,77,1,-1,-1,-1
487,15,1392,221,50,47,1,-1,-1,-1
487,17,484,883,274,278,1,-1,-1,-1
487,18,765,607,147,148,1,-1,-1,-1
487,20,1684,502,115,74,1,-1,-1,-1
488,15,1393,220,51,47,1,-1,-1,-1
488,17,470,896,281,285,1,-1,-1,-1
488,18,760,612,148,150,1,-1,-1,-1
488,20,1678,496,113,71,1,-1,-1,-1
489,15,1394,219,51,47,1,-1,-1,-1
489,17,447,915,291,299,1,-1,-1,-1
489,18,755,617,149,152,1,-1,-1,-1
489,20,1672,490,111,71,1,-1,-1,-1
490,15,1395,219,51,47,1,-1,-1,-1
490,17,424,934,302,313,1,-1,-1,-1
490,18,750,622,151,155,1,-1,-1,-1
490,20,1666,484,109,71,1,-1,-1,-1
491,15,1396,218,51,47,1,-1,-1,-1
491,17,401,954,312,326,1,-1,-1,-1
491,18,740,631,154,160,1,-1,-1,-1
491,20,1660,479,108,71,1,-1,-1,-1
492,15,1397,217,52,47,1,-1,-1,-1
492,17,378,973,323,340,1,-1,-1,-1
492,18,730,641,158,164,1,-1,-1,-1
492,20,1654,473,106,71,1,-1,-1,-1
493,15,1398,216,52,47,1,-1,-1,-1
493,17,355,992,333,354,1,-1,-1,-1
493,18,720,650,162,169,1,-1,-1,-1
493,20,1648,467,104,71,1,-1,-1,-1
494,15,1399,215,52,47,1,-1,-1,-1
494,17,332,1012,344,367,1,-1,-1,-1
494,18,710,660,166,173,1,-1,-1,-1
494,20,1642,462,103,71,1,-1,-1,-1
495,15,1400,215,53,47,1,-1,-1,-1
495,17,309,1031,354,381,1,-1,-1,-1
495,18,700,670,170,177,1,-1,-1,-1
495,20,1636,456,103,71,1,-1,-1,-1
496,15,1403,214,53,47,1,-1,-1,-1
496,17,286,1050,365,395,1,-1,-1,-1
496,18,690,679,174,182,1,-1,-1,-1
496,19,1006,492,97,103,1,-1,-1,-1
496,20,1630,451,103,71,1,-1,-1,-1
497,15,1407,213,53,47,1,-1,-1,-1
497,17,264,1070,375,409,1,-1,-1,-1
497,18,680,689,177,187,1,-1,-1,-1
497,19,1001,497,99,106,1,-1,-1,-1
497,20,1624,446,103,71,1,-1,-1,-1
498,15,1410,212,54,47,1,-1,-1,-1
498,17,248,1096,375,389,1,-1,-1,-1
498,18,670,698,181,192,1,-1,-1,-1
498,19,996,503,101,108,1,-1,-1,-1
498,20,1618,441,103,71,1,-1,-1,-1
499,15,1414,211,54,47,1,-1,-1,-1
499,17,232,1122,375,369,1,-1,-1,-1
499,18,660,708,185,196,1,-1,-1,-1
499,19,991,509,103,110,1,-1,-1,-1
499,20,1613,436,103,71,1,-1,-1,-1
500,15,1417,210,54,47,1,-1,-1,-1
500,17,216,1148,375,350,1,-1,-1,-1
500,18,650,718,189,200,1,-1,-1,-1
500,19,987,515,105,112,1,-1,-1,-1
500,20,1607,430,103,71,1,-1,-1,-1
501,15,1421,210,54,47,1,-1,-1,-1
501,17,200,1174,375,330,1,-1,-1,-1
501,18,640,727,193,205,1,-1,-1,-1
501,19,982,521,107,114,1,-1,-1,-1
501,20,1601,425,103,71,1,-1,-1,-1
502,15,1424,209,55,47,1,-1,-1,-1
502,17,184,1200,375,311,1,-1,-1,-1
502,18,630,737,197,209,1,-1,-1,-1
502,19,977,527,109,116,1,-1,-1,-1
502,20,1595,420,103,71,1,-1,-1,-1
503,15,1428,208,55,47,1,-1,-1,-1
503,17,170,1232,369,279,1,-1,-1,-1
503,18,621,746,199,215,1,-1,-1,-1
503,19,972,533,111,118,1,-1,-1,-1
503,20,1589,415,103,71,1,-1,-1,-1
504,15,1431,207,55,47,1,-1,-1,-1
504,17,157,1265,363,246,1,-1,-1,-1
504,18,611,756,203,219,1,-1,-1,-1
504,19,968,539,113,120,1,-1,-1,-1
504,20,1584,410,103,71,1,-1,-1,-1
505,15,1435,206,55,47,1,-1,-1,-1
505,17,144,1298,357,213,1,-1,-1,-1
505,18,601,766,207,223,1,-1,-1,-1
505,19,963,545,115,122,1,-1,-1,-1
505,20,1579,405,103,71,1,-1,-1,-1
506,15,1438,205,56,47,1,-1,-1,-1
506,17,144,1330,334,181,1,-1,-1,-1
506,18,591,775,211,228,1,-1,-1,-1
506,19,958,550,117,125,1,-1,-1,-1
506,20,1574,401,103,71,1,-1,-1,-1
507,15,1442,205,56,47,1,-1,-1,-1
507,17,144,1362,311,149,1,-1,-1,-1
507,18,581,785,215,232,1,-1,-1,-1
507,19,953,556,119,127,1,-1,-1,-1
507,20,1570,397,103,71,1,-1,-1,-1
508,15,1446,205,56,47,1,-1,-1,-1
508,18,571,794,219,237,1,-1,-1,-1
508,19,949,562,121,129,1,-1,-1,-1
508,20,1565,393,103,71,1,-1,-1,-1
509,18,561,804,222,242,1,-1,-1,-1
509,19,944,568,123,131,1,-1,-1,-1
509,20,1561,389,103,71,1,-1,-1,-1
510,18,551,814,226,246,1,-1,-1,-1
510,19,939,574,125,133,1,-1,-1,-1
510,20,1556,384,103,71,1,-1,-1,-1
511,18,541,823,230,251,1,-1,-1,-1
511,19,934,580,127,135,1,-1,-1,-1
511,20,1551,380,103,71,1,-1,-1,-1
512,18,531,833,234,255,1,-1,-1,-1
512,19,930,586,129,137,1,-1,-1,-1
512,20,1547,376,103,71,1,-1,-1,-1
513,18,521,842,238,260,1,-1,-1,-1
513,19,925,592,131,139,1,-1,-1,-1
513,20,1542,372,103,71,1,-1,-1,-1
514,18,511,852,242,264,1,-1,-1,-1
514,19,920,598,133,141,1,-1,-1,-1
514,20,1538,368,103,71,1,-1,-1,-1
515,18,502,862,245,269,1,-1,-1,-1
515,19,916,604,135,143,1,-1,-1,-1
515,20,1536,366,100,69,1,-1,-1,-1
516,18,482,878,255,281,1,-1,-1,-1
516,19,908,612,139,147,1,-1,-1,-1
516,20,1534,364,97,68,1,-1,-1,-1
517,18,463,895,264,292,1,-1,-1,-1
517,19,901,620,142,151,1,-1,-1,-1
517,20,1533,362,94,66,1,-1,-1,-1
518,18,444,911,273,304,1,-1,-1,-1
518,19,894,629,145,154,1,-1,-1,-1
518,20,1531,360,91,65,1,-1,-1,-1
519,18,425,928,282,316,1,-1,-1,-1
519,19,887,637,148,158,1,-1,-1,-1
519,20,1529,358,89,63,1,-1,-1,-1
520,18,405,945,292,327,1,-1,-1,-1
520,19,880,646,151,161,1,-1,-1,-1
520,20,1528,356,85,62,1,-1,-1,-1
521,18,386,961,301,339,1,-1,-1,-1
521,19,873,654,154,165,1,-1,-1,-1
521,20,1526,354,82,61,1,-1,-1,-1
522,18,367,978,311,351,1,-1,-1,-1
522,19,866,663,158,169,1,-1,-1,-1
522,20,1524,352,80,59,1,-1,-1,-1
523,18,348,994,320,363,1,-1,-1,-1
523,19,859,671,161,173,1,-1,-1,-1
523,20,1523,350,76,58,1,-1,-1,-1
524,18,328,1011,330,374,1,-1,-1,-1
524,19,852,680,164,176,1,-1,-1,-1
524,20,1521,348,74,56,1,-1,-1,-1
525,18,309,1028,339,386,1,-1,-1,-1
525,19,845,688,167,180,1,-1,-1,-1
525,20,1519,346,71,55,1,-1,-1,-1
526,18,290,1044,348,398,1,-1,-1,-1
526,19,838,697,170,183,1,-1,-1,-1
526,20,1518,344,67,54,1,-1,-1,-1
527,18,271,1061,357,409,1,-1,-1,-1
527,19,831,705,173,187,1,-1,-1,-1
527,20,1516,342,65,52,1,-1,-1,-1
528,18,252,1078,367,421,1,-1,-1,-1
528,19,824,714,177,191,1,-1,-1,-1
528,20,1514,340,62,51,1,-1,-1,-1
529,18,237,1102,367,398,1,-1,-1,-1
529,19,814,724,182,198,1,-1,-1,-1
529,20,1513,338,59,49,1,-1,-1,-1
530,18,222,1127,367,375,1,-1,-1,-1
530,19,804,735,187,204,1,-1,-1,-1
530,20,1511,336,56,48,1,-1,-1,-1
531,18,207,1152,367,352,1,-1,-1,-1
531,19,795,746,192,210,1,-1,-1,-1
531,20,1510,334,53,47,1,-1,-1,-1
532,18,192,1177,367,328,1,-1,-1,-1
532,19,785,757,197,216,1,-1,-1,-1
532,20,1508,332,53,47,1,-1,-1,-1
533,18,177,1202,367,305,1,-1,-1,-1
533,19,775,768,202,222,1,-1,-1,-1
533,20,1507,330,53,47,1,-1,-1,-1
534,18,162,1227,367,282,1,-1,-1,-1
534,19,766,779,207,229,1,-1,-1,-1
534,20,1506,328,53,47,1,-1,-1,-1
535,18,148,1252,367,259,1,-1,-1,-1
535,19,756,789,212,236,1,-1,-1,-1
535,20,1504,327,53,47,1,-1,-1,-1
536,18,134,1284,364,227,1,-1,-1,-1
536,19,746,800,217,242,1,-1,-1,-1
536,20,1503,325,53,47,1,-1,-1,-1
537,18,121,1316,360,195,1,-1,-1,-1
537,19,737,811,222,248,1,-1,-1,-1
537,20,1502,323,53,47,1,-1,-1,-1
538,18,107,1348,357,163,1,-1,-1,-1
538,19,727,822,227,254,1,-1,-1,-1
538,20,1501,322,53,47,1,-1,-1,-1
539,18,94,1380,353,131,1,-1,-1,-1
539,19,717,833,232,260,1,-1,-1,-1
539,20,1499,320,53,47,1,-1,-1,-1
540,18,109,1407,315,104,1,-1,-1,-1
540,19,708,844,237,267,1,-1,-1,-1
540,20,1498,318,53,47,1,-1,-1,-1
541,19,691,857,245,278,1,-1,-1,-1
541,20,1497,316,53,47,1,-1,-1,-1
542,19,675,871,253,289,1,-1,-1,-1
542,20,1495,315,53,47,1,-1,-1,-1
543,19,658,885,262,299,1,-1,-1,-1
543,20,1494,313,53,47,1,-1,-1,-1
544,19,642,899,270,310,1,-1,-1,-1
544,20,1493,311,53,47,1,-1,-1,-1
545,19,625,913,278,321,1,-1,-1,-1
545,20,1492,310,53,47,1,-1,-1,-1
546,19,609,927,286,331,1,-1,-1,-1
546,20,1490,308,53,48,1,-1,-1,-1
547,19,592,941,295,342,1,-1,-1,-1
547,20,1488,307,53,48,1,-1,-1,-1
548,19,576,955,303,353,1,-1,-1,-1
548,20,1486,306,53,48,1,-1,-1,-1
