1,0,568,288,20,19,1,-1,-1,-1
1,1,697,263,15,14,1,-1,-1,-1
1,2,614,221,13,10,1,-1,-1,-1
1,3,604,209,12,10,1,-1,-1,-1
1,4,645,202,10,8,1,-1,-1,-1
1,5,663,191,9,8,1,-1,-1,-1
1,6,655,184,10,8,1,-1,-1,-1
2,0,566,291,19,19,1,-1,-1,-1
2,1,697,262,14,13,1,-1,-1,-1
2,2,612,221,13,9,1,-1,-1,-1
2,3,603,210,11,9,1,-1,-1,-1
2,4,643,202,10,7,1,-1,-1,-1
2,5,663,192,9,7,1,-1,-1,-1
2,6,654,185,9,7,1,-1,-1,-1
3,0,565,295,19,19,1,-1,-1,-1
3,1,697,264,14,13,1,-1,-1,-1
3,2,612,223,13,9,1,-1,-1,-1
3,3,602,212,11,9,1,-1,-1,-1
3,4,642,204,10,7,1,-1,-1,-1
3,5,660,191,11,9,1,-1,-1,-1
3,6,654,185,9,7,1,-1,-1,-1
4,0,565,298,19,19,1,-1,-1,-1
4,1,697,264,14,13,1,-1,-1,-1
4,2,611,225,13,9,1,-1,-1,-1
4,3,602,212,11,9,1,-1,-1,-1
4,4,642,206,10,7,1,-1,-1,-1
4,5,660,192,10,10,1,-1,-1,-1
4,6,653,187,10,7,1,-1,-1,-1
5,0,564,302,19,19,1,-1,-1,-1
5,1,697,264,14,13,1,-1,-1,-1
5,2,609,227,13,9,1,-1,-1,-1
5,3,600,214,11,9,1,-1,-1,-1
5,4,642,206,10,7,1,-1,-1,-1
5,5,659,194,9,7,1,-1,-1,-1
5,6,651,187,10,7,1,-1,-1,-1
6,0,561,306,19,19,1,-1,-1,-1
6,1,697,262,14,13,1,-1,-1,-1
6,2,608,229,13,9,1,-1,-1,-1
6,3,599,214,11,9,1,-1,-1,-1
6,4,642,208,10,7,1,-1,-1,-1
6,5,659,194,9,7,1,-1,-1,-1
6,6,650,187,10,7,1,-1,-1,-1
7,0,559,308,20,22,1,-1,-1,-1
7,1,697,262,14,13,1,-1,-1,-1
7,2,607,231,13,9,1,-1,-1,-1
7,3,596,217,11,9,1,-1,-1,-1
7,4,640,208,10,7,1,-1,-1,-1
7,5,659,196,9,7,1,-1,-1,-1
7,6,649,189,10,7,1,-1,-1,-1
8,0,557,311,20,24,1,-1,-1,-1
8,1,696,262,14,13,1,-1,-1,-1
8,2,605,231,13,11,1,-1,-1,-1
8,3,595,217,13,11,1,-1,-1,-1
8,4,637,208,10,9,1,-1,-1,-1
8,5,655,196,10,9,1,-1,-1,-1
8,6,646,189,10,8,1,-1,-1,-1
9,0,555,317,21,23,1,-1,-1,-1
9,1,696,262,15,14,1,-1,-1,-1
9,2,603,233,13,12,1,-1,-1,-1
9,3,593,218,14,11,1,-1,-1,-1
9,4,637,210,10,9,1,-1,-1,-1
9,5,654,197,10,8,1,-1,-1,-1
9,6,644,190,10,9,1,-1,-1,-1
10,0,551,320,22,24,1,-1,-1,-1
10,1,694,262,14,13,1,-1,-1,-1
10,2,600,234,14,11,1,-1,-1,-1
10,3,590,220,13,10,1,-1,-1,-1
10,4,634,210,11,9,1,-1,-1,-1
10,5,652,197,10,10,1,-1,-1,-1
10,6,642,189,12,10,1,-1,-1,-1
11,0,548,324,22,25,1,-1,-1,-1
11,1,693,264,14,13,1,-1,-1,-1
11,2,598,235,14,12,1,-1,-1,-1
11,3,588,220,14,12,1,-1,-1,-1
11,4,633,212,10,7,1,-1,-1,-1
11,5,650,200,9,7,1,-1,-1,-1
11,6,641,192,10,7,1,-1,-1,-1
12,0,546,329,22,24,1,-1,-1,-1
12,1,692,261,15,15,1,-1,-1,-1
12,2,595,237,14,11,1,-1,-1,-1
12,3,586,222,12,11,1,-1,-1,-1
12,4,629,211,12,11,1,-1,-1,-1
12,5,648,199,10,9,1,-1,-1,-1
12,6,637,192,11,9,1,-1,-1,-1
13,0,543,332,22,28,1,-1,-1,-1
13,1,690,262,14,13,1,-1,-1,-1
13,2,594,238,14,13,1,-1,-1,-1
13,3,582,223,15,12,1,-1,-1,-1
13,4,628,213,11,9,1,-1,-1,-1
13,5,645,200,11,9,1,-1,-1,-1
13,6,636,192,9,9,1,-1,-1,-1
14,0,540,337,23,27,1,-1,-1,-1
14,1,689,262,14,13,1,-1,-1,-1
14,2,591,240,15,12,1,-1,-1,-1
14,3,580,225,14,11,1,-1,-1,-1
14,4,625,214,11,9,1,-1,-1,-1
14,5,643,200,10,9,1,-1,-1,-1
14,6,632,194,11,9,1,-1,-1,-1
15,0,536,343,24,28,1,-1,-1,-1
15,1,688,262,14,13,1,-1,-1,-1
15,2,589,242,13,12,1,-1,-1,-1
15,3,578,226,13,12,1,-1,-1,-1
15,4,622,215,11,9,1,-1,-1,-1
15,5,641,201,11,9,1,-1,-1,-1
15,6,630,195,11,8,1,-1,-1,-1
16,0,533,347,26,29,1,-1,-1,-1
16,1,685,262,16,14,1,-1,-1,-1
16,2,586,244,14,12,1,-1,-1,-1
16,3,575,227,14,12,1,-1,-1,-1
16,4,620,216,12,9,1,-1,-1,-1
16,5,639,202,11,8,1,-1,-1,-1
16,6,627,195,11,10,1,-1,-1,-1
17,0,530,352,24,32,1,-1,-1,-1
17,1,684,261,15,15,1,-1,-1,-1
17,2,583,246,13,13,1,-1,-1,-1
17,3,573,228,14,13,1,-1,-1,-1
17,4,618,218,11,9,1,-1,-1,-1
17,5,636,204,12,9,1,-1,-1,-1
17,6,625,197,11,8,1,-1,-1,-1
18,0,527,358,25,32,1,-1,-1,-1
18,1,684,262,14,13,1,-1,-1,-1
18,2,581,248,14,13,1,-1,-1,-1
18,3,570,230,14,12,1,-1,-1,-1
18,4,616,219,10,9,1,-1,-1,-1
18,5,634,204,10,9,1,-1,-1,-1
18,6,622,197,11,9,1,-1,-1,-1
19,0,523,365,25,32,1,-1,-1,-1
19,1,683,262,14,13,1,-1,-1,-1
19,2,578,249,15,13,1,-1,-1,-1
19,3,567,231,15,13,1,-1,-1,-1
19,4,613,220,11,10,1,-1,-1,-1
19,5,632,206,11,9,1,-1,-1,-1
19,6,620,198,11,9,1,-1,-1,-1
20,0,519,371,27,34,1,-1,-1,-1
20,1,681,262,14,13,1,-1,-1,-1
20,2,576,251,14,15,1,-1,-1,-1
20,3,564,233,15,14,1,-1,-1,-1
20,4,611,221,12,11,1,-1,-1,-1
20,5,630,206,11,10,1,-1,-1,-1
20,6,618,200,11,9,1,-1,-1,-1
21,0,517,375,29,37,1,-1,-1,-1
21,1,680,262,14,13,1,-1,-1,-1
21,2,574,254,15,15,1,-1,-1,-1
21,3,563,235,15,13,1,-1,-1,-1
21,4,609,222,13,10,1,-1,-1,-1
21,5,627,207,11,10,1,-1,-1,-1
21,6,616,200,11,9,1,-1,-1,-1
22,0,514,383,27,36,1,-1,-1,-1
22,1,680,263,14,13,1,-1,-1,-1
22,2,572,257,15,13,1,-1,-1,-1
22,3,560,237,14,13,1,-1,-1,-1
22,4,607,224,12,10,1,-1,-1,-1
22,5,625,209,12,9,1,-1,-1,-1
22,6,613,201,14,9,1,-1,-1,-1
23,0,510,390,28,40,1,-1,-1,-1
23,1,679,264,14,13,1,-1,-1,-1
23,2,570,259,15,14,1,-1,-1,-1
23,3,558,238,16,15,1,-1,-1,-1
23,4,607,224,12,11,1,-1,-1,-1
23,5,624,210,11,10,1,-1,-1,-1
23,6,612,202,11,9,1,-1,-1,-1
24,0,506,398,31,40,1,-1,-1,-1
24,1,677,264,14,13,1,-1,-1,-1
24,2,568,261,15,15,1,-1,-1,-1
24,3,556,241,15,14,1,-1,-1,-1
24,4,604,227,12,10,1,-1,-1,-1
24,5,622,211,12,10,1,-1,-1,-1
24,6,610,204,11,10,1,-1,-1,-1
25,0,503,407,33,42,1,-1,-1,-1
25,1,676,264,14,13,1,-1,-1,-1
25,2,565,263,17,16,1,-1,-1,-1
25,3,554,243,15,15,1,-1,-1,-1
25,4,602,228,13,10,1,-1,-1,-1
25,5,621,212,11,10,1,-1,-1,-1
25,6,608,204,11,10,1,-1,-1,-1
26,0,500,416,32,42,1,-1,-1,-1
26,1,676,264,14,13,1,-1,-1,-1
26,2,563,265,18,16,1,-1,-1,-1
26,3,551,244,17,15,1,-1,-1,-1
26,4,601,229,13,11,1,-1,-1,-1
26,5,619,212,12,12,1,-1,-1,-1
26,6,605,206,12,11,1,-1,-1,-1
27,0,496,425,33,44,1,-1,-1,-1
27,1,676,264,14,13,1,-1,-1,-1
27,2,561,268,16,17,1,-1,-1,-1
27,3,549,248,16,14,1,-1,-1,-1
27,4,599,230,13,12,1,-1,-1,-1
27,5,617,213,13,12,1,-1,-1,-1
27,6,605,207,11,11,1,-1,-1,-1
28,0,493,433,35,47,1,-1,-1,-1
28,1,676,264,14,13,1,-1,-1,-1
28,2,560,270,15,17,1,-1,-1,-1
28,3,548,248,15,16,1,-1,-1,-1
28,4,597,232,13,12,1,-1,-1,-1
28,5,616,216,12,11,1,-1,-1,-1
28,6,603,210,11,9,1,-1,-1,-1
29,0,489,443,35,50,1,-1,-1,-1
29,1,675,264,14,13,1,-1,-1,-1
29,2,558,273,17,18,1,-1,-1,-1
29,3,546,251,16,16,1,-1,-1,-1
29,4,596,233,13,14,1,-1,-1,-1
29,5,614,217,13,12,1,-1,-1,-1
29,6,601,210,12,12,1,-1,-1,-1
30,0,485,454,35,51,1,-1,-1,-1
30,1,673,264,14,13,1,-1,-1,-1
30,2,555,278,18,17,1,-1,-1,-1
30,3,543,254,17,15,1,-1,-1,-1
30,4,594,236,13,13,1,-1,-1,-1
30,5,614,218,12,12,1,-1,-1,-1
30,6,599,212,12,10,1,-1,-1,-1
31,0,481,463,36,56,1,-1,-1,-1
31,1,673,265,14,14,1,-1,-1,-1
31,2,554,280,18,17,1,-1,-1,-1
31,3,542,256,16,15,1,-1,-1,-1
31,4,592,238,13,13,1,-1,-1,-1
31,5,612,221,11,11,1,-1,-1,-1
31,6,598,213,11,9,1,-1,-1,-1
32,0,479,477,36,57,1,-1,-1,-1
32,1,672,265,17,15,1,-1,-1,-1
32,2,551,283,18,18,1,-1,-1,-1
32,3,540,259,16,15,1,-1,-1,-1
32,4,592,239,13,13,1,-1,-1,-1
32,5,610,221,14,12,1,-1,-1,-1
32,6,596,214,12,11,1,-1,-1,-1
33,0,475,491,36,48,1,-1,-1,-1
33,1,671,264,16,15,1,-1,-1,-1
33,2,550,288,18,17,1,-1,-1,-1
33,3,538,261,16,15,1,-1,-1,-1
33,4,590,241,13,13,1,-1,-1,-1
33,5,609,223,12,12,1,-1,-1,-1
33,6,595,216,11,11,1,-1,-1,-1
34,0,471,503,36,36,1,-1,-1,-1
34,1,671,266,16,14,1,-1,-1,-1
34,2,548,291,18,17,1,-1,-1,-1
34,3,536,264,17,17,1,-1,-1,-1
34,4,589,243,14,14,1,-1,-1,-1
34,5,608,225,13,12,1,-1,-1,-1
34,6,593,217,11,11,1,-1,-1,-1
35,0,471,509,36,30,1,-1,-1,-1
35,1,671,266,17,15,1,-1,-1,-1
35,2,547,295,18,17,1,-1,-1,-1
35,3,534,266,18,17,1,-1,-1,-1
35,4,587,246,13,13,1,-1,-1,-1
35,5,607,226,14,12,1,-1,-1,-1
35,6,591,219,13,12,1,-1,-1,-1
36,1,671,266,16,16,1,-1,-1,-1
36,2,544,300,18,17,1,-1,-1,-1
36,3,532,269,18,17,1,-1,-1,-1
36,4,586,248,15,13,1,-1,-1,-1
36,5,606,228,14,12,1,-1,-1,-1
36,6,590,221,13,13,1,-1,-1,-1
37,1,671,266,15,15,1,-1,-1,-1
37,2,543,304,21,18,1,-1,-1,-1
37,3,531,271,17,19,1,-1,-1,-1
37,4,583,250,14,14,1,-1,-1,-1
37,5,604,229,14,14,1,-1,-1,-1
37,6,589,223,13,12,1,-1,-1,-1
38,1,670,268,16,14,1,-1,-1,-1
38,2,540,305,20,21,1,-1,-1,-1
38,3,528,275,18,18,1,-1,-1,-1
38,4,583,252,13,14,1,-1,-1,-1
38,5,603,230,14,14,1,-1,-1,-1
38,6,587,225,13,12,1,-1,-1,-1
39,1,670,268,15,15,1,-1,-1,-1
39,2,539,309,20,22,1,-1,-1,-1
39,3,527,279,16,17,1,-1,-1,-1
39,4,582,254,15,13,1,-1,-1,-1
39,5,603,232,13,14,1,-1,-1,-1
39,6,586,227,13,10,1,-1,-1,-1
40,1,670,268,14,15,1,-1,-1,-1
40,2,538,313,20,23,1,-1,-1,-1
40,3,526,281,19,18,1,-1,-1,-1
40,4,581,256,15,14,1,-1,-1,-1
40,5,602,234,13,14,1,-1,-1,-1
40,6,584,227,13,12,1,-1,-1,-1
41,1,670,268,16,15,1,-1,-1,-1
41,2,537,318,19,22,1,-1,-1,-1
41,3,523,283,19,20,1,-1,-1,-1
41,4,580,260,13,14,1,-1,-1,-1
41,5,602,236,13,14,1,-1,-1,-1
41,6,585,230,13,11,1,-1,-1,-1
42,1,671,269,14,15,1,-1,-1,-1
42,2,535,323,21,22,1,-1,-1,-1
42,3,523,288,19,18,1,-1,-1,-1
42,4,579,261,15,14,1,-1,-1,-1
42,5,601,239,14,14,1,-1,-1,-1
42,6,583,231,13,11,1,-1,-1,-1
43,1,670,270,14,15,1,-1,-1,-1
43,2,534,327,20,21,1,-1,-1,-1
43,3,521,290,20,20,1,-1,-1,-1
43,4,578,265,14,15,1,-1,-1,-1
43,5,599,241,14,13,1,-1,-1,-1
43,6,581,234,15,13,1,-1,-1,-1
44,1,671,271,14,15,1,-1,-1,-1
44,2,531,333,20,21,1,-1,-1,-1
44,3,519,293,19,19,1,-1,-1,-1
44,4,577,267,14,13,1,-1,-1,-1
44,5,599,243,14,13,1,-1,-1,-1
44,6,580,235,14,14,1,-1,-1,-1
45,1,671,271,14,15,1,-1,-1,-1
45,2,531,338,20,23,1,-1,-1,-1
45,3,518,298,19,19,1,-1,-1,-1
45,4,576,269,15,15,1,-1,-1,-1
45,5,599,244,14,13,1,-1,-1,-1
45,6,579,239,14,12,1,-1,-1,-1
46,1,671,271,14,15,1,-1,-1,-1
46,2,528,342,23,26,1,-1,-1,-1
46,3,517,302,19,19,1,-1,-1,-1
46,4,576,271,15,16,1,-1,-1,-1
46,5,599,248,14,13,1,-1,-1,-1
46,6,579,240,14,13,1,-1,-1,-1
47,1,671,271,17,16,1,-1,-1,-1
47,2,527,347,22,26,1,-1,-1,-1
47,3,515,306,19,19,1,-1,-1,-1
47,4,574,275,15,16,1,-1,-1,-1
47,5,598,250,14,13,1,-1,-1,-1
47,6,577,242,15,13,1,-1,-1,-1
48,1,671,273,16,15,1,-1,-1,-1
48,2,526,354,23,26,1,-1,-1,-1
48,3,514,308,21,22,1,-1,-1,-1
48,4,574,277,15,15,1,-1,-1,-1
48,5,598,252,14,13,1,-1,-1,-1
48,6,577,244,14,13,1,-1,-1,-1
49,1,672,273,15,15,1,-1,-1,-1
49,2,525,360,22,26,1,-1,-1,-1
49,3,512,312,21,23,1,-1,-1,-1
49,4,573,280,17,15,1,-1,-1,-1
49,5,596,252,15,16,1,-1,-1,-1
49,6,576,246,14,13,1,-1,-1,-1
50,1,673,274,15,15,1,-1,-1,-1
50,2,522,365,24,28,1,-1,-1,-1
50,3,510,317,22,23,1,-1,-1,-1
50,4,572,282,17,17,1,-1,-1,-1
50,5,596,256,15,15,1,-1,-1,-1
50,6,575,250,16,13,1,-1,-1,-1
51,1,673,275,15,15,1,-1,-1,-1
51,2,521,371,24,28,1,-1,-1,-1
51,3,509,321,22,24,1,-1,-1,-1
51,4,571,286,17,16,1,-1,-1,-1
51,5,595,259,15,15,1,-1,-1,-1
51,6,573,252,15,13,1,-1,-1,-1
52,1,674,275,15,15,1,-1,-1,-1
52,2,520,378,25,29,1,-1,-1,-1
52,3,507,324,22,25,1,-1,-1,-1
52,4,571,290,16,15,1,-1,-1,-1
52,5,595,262,14,15,1,-1,-1,-1
52,6,573,254,15,13,1,-1,-1,-1
53,1,674,276,15,15,1,-1,-1,-1
53,2,517,385,24,29,1,-1,-1,-1
53,3,505,329,22,25,1,-1,-1,-1
53,4,569,293,17,17,1,-1,-1,-1
53,5,594,264,16,15,1,-1,-1,-1
53,6,573,255,15,15,1,-1,-1,-1
54,1,675,276,15,15,1,-1,-1,-1
54,2,517,391,25,33,1,-1,-1,-1
54,3,505,333,22,25,1,-1,-1,-1
54,4,569,295,17,17,1,-1,-1,-1
54,5,594,265,16,16,1,-1,-1,-1
54,6,571,260,16,14,1,-1,-1,-1
55,1,675,277,15,15,1,-1,-1,-1
55,2,514,397,26,34,1,-1,-1,-1
55,3,502,337,23,26,1,-1,-1,-1
55,4,569,299,17,16,1,-1,-1,-1
55,5,592,268,16,15,1,-1,-1,-1
55,6,570,261,15,14,1,-1,-1,-1
56,1,673,277,15,15,1,-1,-1,-1
56,2,513,404,29,33,1,-1,-1,-1
56,3,501,343,22,25,1,-1,-1,-1
56,4,568,303,17,16,1,-1,-1,-1
56,5,591,272,16,14,1,-1,-1,-1
56,6,569,263,17,15,1,-1,-1,-1
57,1,675,277,15,15,1,-1,-1,-1
57,2,510,412,28,35,1,-1,-1,-1
57,3,498,347,24,27,1,-1,-1,-1
57,4,566,306,18,17,1,-1,-1,-1
57,5,591,273,18,17,1,-1,-1,-1
57,6,568,268,16,14,1,-1,-1,-1
58,1,676,278,14,15,1,-1,-1,-1
58,2,508,419,28,38,1,-1,-1,-1
58,3,497,352,25,28,1,-1,-1,-1
58,4,565,309,18,19,1,-1,-1,-1
58,5,592,277,16,15,1,-1,-1,-1
58,6,568,269,16,15,1,-1,-1,-1
59,1,676,278,14,15,1,-1,-1,-1
59,2,506,427,28,39,1,-1,-1,-1
59,3,495,358,24,27,1,-1,-1,-1
59,4,565,313,18,19,1,-1,-1,-1
59,5,590,278,17,18,1,-1,-1,-1
59,6,566,272,17,15,1,-1,-1,-1
60,1,676,278,14,15,1,-1,-1,-1
60,2,503,436,29,40,1,-1,-1,-1
60,3,492,362,25,30,1,-1,-1,-1
60,4,564,316,17,18,1,-1,-1,-1
60,5,589,281,17,17,1,-1,-1,-1
60,6,565,275,16,15,1,-1,-1,-1
61,1,676,280,14,15,1,-1,-1,-1
61,2,501,445,31,42,1,-1,-1,-1
61,3,490,369,27,29,1,-1,-1,-1
61,4,562,320,19,19,1,-1,-1,-1
61,5,589,285,18,17,1,-1,-1,-1
61,6,564,277,18,16,1,-1,-1,-1
62,1,677,279,14,15,1,-1,-1,-1
62,2,499,455,31,42,1,-1,-1,-1
62,3,488,374,27,30,1,-1,-1,-1
62,4,561,323,19,20,1,-1,-1,-1
62,5,589,288,16,17,1,-1,-1,-1
62,6,561,281,18,16,1,-1,-1,-1
63,1,677,280,14,15,1,-1,-1,-1
63,2,497,466,31,42,1,-1,-1,-1
63,3,485,380,27,31,1,-1,-1,-1
63,4,561,327,19,19,1,-1,-1,-1
63,5,586,289,18,19,1,-1,-1,-1
63,6,561,282,18,18,1,-1,-1,-1
64,1,676,280,14,15,1,-1,-1,-1
64,2,493,476,33,44,1,-1,-1,-1
64,3,484,386,26,31,1,-1,-1,-1
64,4,559,331,19,19,1,-1,-1,-1
64,5,586,293,19,20,1,-1,-1,-1
64,6,560,287,19,17,1,-1,-1,-1
65,1,677,280,15,15,1,-1,-1,-1
65,2,491,484,31,49,1,-1,-1,-1
65,3,482,392,27,34,1,-1,-1,-1
65,4,558,335,20,21,1,-1,-1,-1
65,5,585,297,18,18,1,-1,-1,-1
65,6,559,289,18,17,1,-1,-1,-1
66,1,677,281,14,15,1,-1,-1,-1
66,2,488,498,34,41,1,-1,-1,-1
66,3,479,400,28,33,1,-1,-1,-1
66,4,556,340,19,21,1,-1,-1,-1
66,5,584,300,18,18,1,-1,-1,-1
66,6,556,292,19,18,1,-1,-1,-1
67,1,676,281,14,15,1,-1,-1,-1
67,2,487,508,32,31,1,-1,-1,-1
67,3,476,406,28,36,1,-1,-1,-1
67,4,555,344,20,22,1,-1,-1,-1
67,5,583,302,18,20,1,-1,-1,-1
67,6,556,295,18,18,1,-1,-1,-1
67,7,618,202,12,11,1,-1,-1,-1
68,1,676,281,15,15,1,-1,-1,-1
68,2,485,518,30,21,1,-1,-1,-1
68,3,472,412,29,37,1,-1,-1,-1
68,4,554,347,20,25,1,-1,-1,-1
68,5,582,306,19,19,1,-1,-1,-1
68,6,554,298,20,20,1,-1,-1,-1
68,7,618,203,11,11,1,-1,-1,-1
69,1,677,281,14,15,1,-1,-1,-1
69,3,470,419,31,39,1,-1,-1,-1
69,4,552,351,21,23,1,-1,-1,-1
69,5,582,310,19,20,1,-1,-1,-1
69,6,552,302,19,19,1,-1,-1,-1
69,7,616,204,11,11,1,-1,-1,-1
70,1,679,283,14,15,1,-1,-1,-1
70,3,466,427,33,40,1,-1,-1,-1
70,4,552,358,20,23,1,-1,-1,-1
70,5,581,314,19,19,1,-1,-1,-1
70,6,552,306,19,19,1,-1,-1,-1
70,7,616,204,11,11,1,-1,-1,-1
71,1,677,283,14,15,1,-1,-1,-1
71,3,462,435,32,40,1,-1,-1,-1
71,4,550,362,21,24,1,-1,-1,-1
71,5,579,318,19,19,1,-1,-1,-1
71,6,551,310,19,19,1,-1,-1,-1
71,7,616,206,11,11,1,-1,-1,-1
72,1,677,283,14,15,1,-1,-1,-1
72,3,461,443,33,43,1,-1,-1,-1
72,4,548,366,20,24,1,-1,-1,-1
72,5,579,322,19,19,1,-1,-1,-1
72,6,548,314,19,19,1,-1,-1,-1
72,7,615,208,11,11,1,-1,-1,-1
73,1,677,283,14,15,1,-1,-1,-1
73,3,457,452,34,43,1,-1,-1,-1
73,4,547,372,22,27,1,-1,-1,-1
73,5,578,325,21,21,1,-1,-1,-1
73,6,548,318,19,19,1,-1,-1,-1
73,7,613,208,11,11,1,-1,-1,-1
74,1,680,285,14,15,1,-1,-1,-1
74,3,455,464,31,43,1,-1,-1,-1
74,4,545,377,23,27,1,-1,-1,-1
74,5,578,329,21,21,1,-1,-1,-1
74,6,545,322,19,19,1,-1,-1,-1
74,7,612,210,11,11,1,-1,-1,-1
75,1,679,285,15,16,1,-1,-1,-1
75,3,451,470,36,48,1,-1,-1,-1
75,4,544,383,23,27,1,-1,-1,-1
75,5,576,332,21,24,1,-1,-1,-1
75,6,544,323,19,24,1,-1,-1,-1
75,7,612,212,11,11,1,-1,-1,-1
76,1,679,285,14,15,1,-1,-1,-1
76,3,447,481,36,49,1,-1,-1,-1
76,4,543,387,24,30,1,-1,-1,-1
76,5,577,337,20,24,1,-1,-1,-1
76,6,542,330,20,22,1,-1,-1,-1
76,7,612,213,11,11,1,-1,-1,-1
77,1,679,285,14,15,1,-1,-1,-1
77,3,444,492,39,46,1,-1,-1,-1
77,4,542,395,23,29,1,-1,-1,-1
77,5,575,342,21,22,1,-1,-1,-1
77,6,540,334,22,23,1,-1,-1,-1
77,7,611,214,10,11,1,-1,-1,-1
78,1,679,285,14,15,1,-1,-1,-1
78,3,441,502,37,37,1,-1,-1,-1
78,4,540,401,22,29,1,-1,-1,-1
78,5,574,345,22,26,1,-1,-1,-1
78,6,539,339,22,24,1,-1,-1,-1
78,7,609,216,10,11,1,-1,-1,-1
79,1,680,287,14,15,1,-1,-1,-1
79,3,437,514,37,25,1,-1,-1,-1
79,4,539,406,24,32,1,-1,-1,-1
79,5,573,349,22,25,1,-1,-1,-1
79,6,538,343,22,25,1,-1,-1,-1
79,7,609,217,10,11,1,-1,-1,-1
80,1,680,287,14,15,1,-1,-1,-1
80,4,537,412,25,34,1,-1,-1,-1
80,5,573,354,22,25,1,-1,-1,-1
80,6,534,348,23,27,1,-1,-1,-1
80,7,608,217,10,11,1,-1,-1,-1
81,1,680,287,14,15,1,-1,-1,-1
81,4,535,418,24,32,1,-1,-1,-1
81,5,573,360,22,25,1,-1,-1,-1
81,6,532,354,22,23,1,-1,-1,-1
81,7,608,219,10,11,1,-1,-1,-1
82,1,680,287,14,15,1,-1,-1,-1
82,4,534,428,24,34,1,-1,-1,-1
82,5,572,366,22,25,1,-1,-1,-1
82,6,531,358,24,27,1,-1,-1,-1
82,7,607,220,12,12,1,-1,-1,-1
83,1,680,289,14,15,1,-1,-1,-1
83,4,532,435,25,34,1,-1,-1,-1
83,5,569,372,24,26,1,-1,-1,-1
83,6,530,364,23,26,1,-1,-1,-1
83,7,607,222,11,11,1,-1,-1,-1
84,1,680,289,14,15,1,-1,-1,-1
84,4,531,443,24,34,1,-1,-1,-1
84,5,569,378,22,25,1,-1,-1,-1
84,6,528,369,24,27,1,-1,-1,-1
84,7,604,223,12,11,1,-1,-1,-1
85,1,681,290,14,15,1,-1,-1,-1
85,4,528,450,28,37,1,-1,-1,-1
85,5,569,380,22,30,1,-1,-1,-1
85,6,525,376,25,27,1,-1,-1,-1
85,7,604,224,12,12,1,-1,-1,-1
86,1,681,291,14,15,1,-1,-1,-1
86,4,527,460,27,37,1,-1,-1,-1
86,5,567,387,23,30,1,-1,-1,-1
86,6,523,381,25,29,1,-1,-1,-1
86,7,603,225,11,11,1,-1,-1,-1
87,1,681,291,15,15,1,-1,-1,-1
87,4,525,470,32,38,1,-1,-1,-1
87,5,567,393,23,30,1,-1,-1,-1
87,6,521,386,28,30,1,-1,-1,-1
87,7,603,227,11,11,1,-1,-1,-1
88,1,683,291,14,15,1,-1,-1,-1
88,4,525,475,30,42,1,-1,-1,-1
88,5,566,399,23,30,1,-1,-1,-1
88,6,518,392,29,32,1,-1,-1,-1
88,7,603,229,12,12,1,-1,-1,-1
89,1,683,291,14,15,1,-1,-1,-1
89,4,521,484,32,44,1,-1,-1,-1
89,5,565,408,23,31,1,-1,-1,-1
89,6,518,401,27,31,1,-1,-1,-1
89,7,602,231,11,11,1,-1,-1,-1
90,1,683,293,14,15,1,-1,-1,-1
90,4,519,495,31,44,1,-1,-1,-1
90,5,564,414,25,31,1,-1,-1,-1
90,6,514,407,29,34,1,-1,-1,-1
90,7,600,233,11,11,1,-1,-1,-1
91,1,683,293,14,15,1,-1,-1,-1
91,4,518,505,32,34,1,-1,-1,-1
91,5,562,421,25,35,1,-1,-1,-1
91,6,513,414,28,34,1,-1,-1,-1
91,7,599,235,11,11,1,-1,-1,-1
92,1,683,295,14,15,1,-1,-1,-1
92,4,517,518,30,21,1,-1,-1,-1
92,5,562,428,24,36,1,-1,-1,-1
92,6,509,422,29,36,1,-1,-1,-1
92,7,598,237,13,13,1,-1,-1,-1
93,1,683,295,14,15,1,-1,-1,-1
93,5,560,435,26,40,1,-1,-1,-1
93,6,507,429,28,38,1,-1,-1,-1
93,7,596,239,13,13,1,-1,-1,-1
94,1,683,295,14,15,1,-1,-1,-1
94,5,557,442,28,40,1,-1,-1,-1
94,6,505,439,29,38,1,-1,-1,-1
94,7,595,241,14,14,1,-1,-1,-1
95,1,682,297,14,15,1,-1,-1,-1
95,5,556,450,27,42,1,-1,-1,-1
95,6,501,447,28,40,1,-1,-1,-1
95,7,592,243,14,13,1,-1,-1,-1
96,1,681,297,14,15,1,-1,-1,-1
96,5,555,459,26,43,1,-1,-1,-1
96,6,497,455,27,40,1,-1,-1,-1
96,7,591,246,14,13,1,-1,-1,-1
97,1,678,298,14,15,1,-1,-1,-1
97,5,552,468,26,42,1,-1,-1,-1
97,6,493,466,32,42,1,-1,-1,-1
97,7,589,247,14,13,1,-1,-1,-1
98,1,679,298,14,15,1,-1,-1,-1
98,5,549,478,27,44,1,-1,-1,-1
98,6,488,475,33,44,1,-1,-1,-1
98,7,586,250,14,13,1,-1,-1,-1
99,1,676,298,14,15,1,-1,-1,-1
99,5,548,487,27,44,1,-1,-1,-1
99,6,483,484,33,48,1,-1,-1,-1
99,7,585,252,14,13,1,-1,-1,-1
100,1,676,298,14,15,1,-1,-1,-1
100,5,544,499,27,40,1,-1,-1,-1
100,6,480,494,31,44,1,-1,-1,-1
100,7,582,252,14,13,1,-1,-1,-1
101,1,673,298,14,15,1,-1,-1,-1
101,5,542,509,29,30,1,-1,-1,-1
101,6,475,506,33,33,1,-1,-1,-1
101,7,578,254,14,13,1,-1,-1,-1
102,1,671,300,14,15,1,-1,-1,-1
102,5,540,518,29,21,1,-1,-1,-1
102,6,476,519,27,20,1,-1,-1,-1
102,7,577,256,14,13,1,-1,-1,-1
103,1,668,300,14,15,1,-1,-1,-1
103,7,573,258,14,13,1,-1,-1,-1
104,1,667,300,14,15,1,-1,-1,-1
104,7,569,260,14,14,1,-1,-1,-1
105,1,666,302,14,15,1,-1,-1,-1
105,7,568,262,14,14,1,-1,-1,-1
106,1,664,302,14,15,1,-1,-1,-1
106,7,564,264,14,13,1,-1,-1,-1
107,1,663,302,14,15,1,-1,-1,-1
107,7,561,266,15,14,1,-1,-1,-1
107,8,615,222,12,11,1,-1,-1,-1
108,1,660,302,14,15,1,-1,-1,-1
108,7,557,270,16,15,1,-1,-1,-1
108,8,612,223,11,11,1,-1,-1,-1
109,1,659,302,14,15,1,-1,-1,-1
109,7,555,271,15,15,1,-1,-1,-1
109,8,609,226,11,11,1,-1,-1,-1
110,1,656,302,14,15,1,-1,-1,-1
110,7,551,273,15,14,1,-1,-1,-1
110,8,607,225,11,11,1,-1,-1,-1
111,1,654,304,14,15,1,-1,-1,-1
111,7,548,277,15,15,1,-1,-1,-1
111,8,603,227,11,11,1,-1,-1,-1
112,1,651,304,14,15,1,-1,-1,-1
112,7,545,279,15,14,1,-1,-1,-1
112,8,600,229,12,13,1,-1,-1,-1
113,1,650,304,14,15,1,-1,-1,-1
113,7,542,281,14,13,1,-1,-1,-1
113,8,598,231,11,12,1,-1,-1,-1
114,1,649,306,14,15,1,-1,-1,-1
114,7,539,285,14,13,1,-1,-1,-1
114,8,595,231,11,11,1,-1,-1,-1
115,1,646,306,14,15,1,-1,-1,-1
115,7,535,287,14,13,1,-1,-1,-1
115,8,592,235,13,11,1,-1,-1,-1
116,1,645,306,14,15,1,-1,-1,-1
116,7,532,291,14,13,1,-1,-1,-1
116,8,589,235,12,12,1,-1,-1,-1
117,1,642,306,14,15,1,-1,-1,-1
117,7,530,292,16,14,1,-1,-1,-1
117,8,586,235,12,12,1,-1,-1,-1
118,1,641,306,14,15,1,-1,-1,-1
118,7,526,295,16,15,1,-1,-1,-1
118,8,584,238,12,12,1,-1,-1,-1
119,1,640,306,14,15,1,-1,-1,-1
119,7,523,298,16,16,1,-1,-1,-1
119,8,581,239,12,13,1,-1,-1,-1
120,1,637,306,14,15,1,-1,-1,-1
120,7,521,300,16,17,1,-1,-1,-1
120,8,578,241,13,13,1,-1,-1,-1
121,1,636,306,14,15,1,-1,-1,-1
121,7,519,302,16,18,1,-1,-1,-1
121,8,577,242,12,12,1,-1,-1,-1
122,1,634,308,14,15,1,-1,-1,-1
122,7,515,304,15,17,1,-1,-1,-1
122,8,574,245,11,11,1,-1,-1,-1
123,1,633,306,14,15,1,-1,-1,-1
123,7,514,308,15,17,1,-1,-1,-1
123,8,572,246,13,12,1,-1,-1,-1
124,1,631,308,14,15,1,-1,-1,-1
124,7,512,310,15,17,1,-1,-1,-1
124,8,569,248,12,12,1,-1,-1,-1
124,9,595,236,12,11,1,-1,-1,-1
125,1,630,309,14,15,1,-1,-1,-1
125,7,509,314,15,17,1,-1,-1,-1
125,8,568,250,12,12,1,-1,-1,-1
125,9,592,237,11,11,1,-1,-1,-1
126,1,629,308,14,15,1,-1,-1,-1
126,7,507,316,16,19,1,-1,-1,-1
126,8,565,252,11,11,1,-1,-1,-1
126,9,590,239,11,11,1,-1,-1,-1
127,1,629,308,14,15,1,-1,-1,-1
127,7,505,318,15,21,1,-1,-1,-1
127,8,564,254,11,11,1,-1,-1,-1
127,9,590,239,11,11,1,-1,-1,-1
128,1,627,308,14,15,1,-1,-1,-1
128,7,502,321,15,20,1,-1,-1,-1
128,8,561,254,12,13,1,-1,-1,-1
128,9,587,241,11,11,1,-1,-1,-1
129,1,627,310,14,15,1,-1,-1,-1
129,7,501,325,16,20,1,-1,-1,-1
129,8,561,256,11,11,1,-1,-1,-1
129,9,586,243,11,11,1,-1,-1,-1
130,1,625,310,14,15,1,-1,-1,-1
130,7,498,328,17,21,1,-1,-1,-1
130,8,559,258,11,11,1,-1,-1,-1
130,9,585,244,11,11,1,-1,-1,-1
131,1,625,310,14,15,1,-1,-1,-1
131,7,496,331,16,21,1,-1,-1,-1
131,8,557,260,11,11,1,-1,-1,-1
131,9,583,244,11,11,1,-1,-1,-1
132,1,625,310,14,15,1,-1,-1,-1
132,7,493,335,16,21,1,-1,-1,-1
132,8,556,262,11,11,1,-1,-1,-1
132,9,582,246,11,11,1,-1,-1,-1
133,1,624,310,14,15,1,-1,-1,-1
133,7,492,337,16,21,1,-1,-1,-1
133,8,555,264,11,11,1,-1,-1,-1
133,9,581,248,11,11,1,-1,-1,-1
134,1,624,310,14,15,1,-1,-1,-1
134,7,491,341,16,21,1,-1,-1,-1
134,8,552,265,13,12,1,-1,-1,-1
134,9,579,248,10,11,1,-1,-1,-1
135,1,623,310,14,15,1,-1,-1,-1
135,7,488,345,16,21,1,-1,-1,-1
135,8,551,266,14,13,1,-1,-1,-1
135,9,578,250,10,11,1,-1,-1,-1
136,1,623,310,14,15,1,-1,-1,-1
136,7,485,347,18,23,1,-1,-1,-1
136,8,548,268,15,13,1,-1,-1,-1
136,9,577,252,10,11,1,-1,-1,-1
137,1,620,310,14,15,1,-1,-1,-1
137,7,484,350,17,24,1,-1,-1,-1
137,8,548,270,14,14,1,-1,-1,-1
137,9,576,254,10,11,1,-1,-1,-1
138,1,620,310,14,15,1,-1,-1,-1
138,7,483,356,18,22,1,-1,-1,-1
138,8,546,271,16,13,1,-1,-1,-1
138,9,574,254,10,11,1,-1,-1,-1
139,1,620,310,14,15,1,-1,-1,-1
139,7,480,358,18,24,1,-1,-1,-1
139,8,544,273,15,13,1,-1,-1,-1
139,9,573,256,10,11,1,-1,-1,-1
140,1,620,310,14,15,1,-1,-1,-1
140,7,478,362,18,23,1,-1,-1,-1
140,8,543,275,15,13,1,-1,-1,-1
140,9,573,258,10,11,1,-1,-1,-1
141,1,619,310,14,15,1,-1,-1,-1
141,7,476,366,18,26,1,-1,-1,-1
141,8,543,275,13,15,1,-1,-1,-1
141,9,570,260,10,11,1,-1,-1,-1
142,1,617,310,14,15,1,-1,-1,-1
142,7,475,370,18,23,1,-1,-1,-1
142,8,540,279,14,13,1,-1,-1,-1
142,9,570,261,10,11,1,-1,-1,-1
143,1,617,310,14,15,1,-1,-1,-1
143,7,474,373,19,26,1,-1,-1,-1
143,8,539,279,15,15,1,-1,-1,-1
143,9,568,263,11,11,1,-1,-1,-1
144,1,617,310,14,15,1,-1,-1,-1
144,7,470,377,20,29,1,-1,-1,-1
144,8,539,281,14,15,1,-1,-1,-1
144,9,568,264,11,10,1,-1,-1,-1
145,1,617,308,14,15,1,-1,-1,-1
145,7,469,383,18,26,1,-1,-1,-1
145,8,537,284,14,15,1,-1,-1,-1
145,9,566,264,11,11,1,-1,-1,-1
146,1,616,310,14,15,1,-1,-1,-1
146,7,467,387,19,27,1,-1,-1,-1
146,8,537,286,14,15,1,-1,-1,-1
146,9,566,266,11,11,1,-1,-1,-1
147,1,616,308,14,15,1,-1,-1,-1
147,7,464,391,19,28,1,-1,-1,-1
147,8,535,288,15,16,1,-1,-1,-1
147,9,565,268,11,11,1,-1,-1,-1
148,1,616,310,14,15,1,-1,-1,-1
148,7,463,395,19,29,1,-1,-1,-1
148,8,534,290,14,15,1,-1,-1,-1
148,9,564,270,12,11,1,-1,-1,-1
149,1,616,308,14,15,1,-1,-1,-1
149,7,462,399,20,30,1,-1,-1,-1
149,8,533,292,14,15,1,-1,-1,-1
149,9,563,273,10,10,1,-1,-1,-1
150,1,616,309,14,15,1,-1,-1,-1
150,7,459,405,22,29,1,-1,-1,-1
150,8,531,293,14,16,1,-1,-1,-1
150,9,562,273,11,13,1,-1,-1,-1
151,1,616,308,14,15,1,-1,-1,-1
151,7,458,410,20,30,1,-1,-1,-1
151,8,530,295,17,16,1,-1,-1,-1
151,9,560,275,13,12,1,-1,-1,-1
152,1,615,306,14,15,1,-1,-1,-1
152,7,455,415,22,31,1,-1,-1,-1
152,8,530,298,16,16,1,-1,-1,-1
152,9,559,277,13,11,1,-1,-1,-1
153,1,616,308,14,15,1,-1,-1,-1
153,7,453,418,22,32,1,-1,-1,-1
153,8,528,300,14,17,1,-1,-1,-1
153,9,558,279,13,11,1,-1,-1,-1
154,1,616,309,14,15,1,-1,-1,-1
154,7,451,424,22,33,1,-1,-1,-1
154,8,527,302,15,15,1,-1,-1,-1
154,9,557,281,13,11,1,-1,-1,-1
155,1,616,308,14,15,1,-1,-1,-1
155,7,449,431,23,32,1,-1,-1,-1
155,8,526,304,16,17,1,-1,-1,-1
155,9,556,283,13,11,1,-1,-1,-1
156,1,616,308,14,15,1,-1,-1,-1
156,7,447,435,22,35,1,-1,-1,-1
156,8,526,308,16,18,1,-1,-1,-1
156,9,556,283,13,11,1,-1,-1,-1
157,1,616,308,14,15,1,-1,-1,-1
157,7,445,440,24,36,1,-1,-1,-1
157,8,524,308,17,19,1,-1,-1,-1
157,9,557,285,13,11,1,-1,-1,-1
158,1,616,308,14,15,1,-1,-1,-1
158,7,442,445,23,36,1,-1,-1,-1
158,8,525,312,15,15,1,-1,-1,-1
158,9,555,287,13,11,1,-1,-1,-1
159,1,616,306,14,15,1,-1,-1,-1
159,7,441,453,23,37,1,-1,-1,-1
159,8,523,316,15,15,1,-1,-1,-1
159,9,553,289,13,11,1,-1,-1,-1
160,1,616,308,14,15,1,-1,-1,-1
160,7,438,460,23,40,1,-1,-1,-1
160,8,522,318,15,17,1,-1,-1,-1
160,9,552,291,13,11,1,-1,-1,-1
161,1,616,306,14,15,1,-1,-1,-1
161,7,437,466,23,39,1,-1,-1,-1
161,8,520,320,17,18,1,-1,-1,-1
161,9,553,293,13,12,1,-1,-1,-1
162,1,616,306,14,15,1,-1,-1,-1
162,7,434,474,25,41,1,-1,-1,-1
162,8,518,322,16,17,1,-1,-1,-1
162,9,551,295,13,11,1,-1,-1,-1
163,1,616,306,14,15,1,-1,-1,-1
163,7,429,482,27,41,1,-1,-1,-1
163,8,518,324,20,20,1,-1,-1,-1
163,9,552,295,13,14,1,-1,-1,-1
164,1,617,306,14,15,1,-1,-1,-1
164,7,428,488,26,42,1,-1,-1,-1
164,8,518,327,16,20,1,-1,-1,-1
164,9,551,298,13,13,1,-1,-1,-1
165,1,617,306,14,15,1,-1,-1,-1
165,7,425,497,27,41,1,-1,-1,-1
165,8,516,331,19,20,1,-1,-1,-1
165,9,551,300,13,13,1,-1,-1,-1
166,1,616,306,14,15,1,-1,-1,-1
166,7,425,505,23,34,1,-1,-1,-1
166,8,515,333,18,19,1,-1,-1,-1
166,9,550,303,15,13,1,-1,-1,-1
167,1,617,306,14,15,1,-1,-1,-1
167,7,421,508,29,31,1,-1,-1,-1
167,8,514,334,19,23,1,-1,-1,-1
167,9,550,305,14,12,1,-1,-1,-1
168,1,617,306,14,15,1,-1,-1,-1
168,7,424,517,21,22,1,-1,-1,-1
168,8,514,337,19,21,1,-1,-1,-1
168,9,548,306,14,16,1,-1,-1,-1
169,1,617,304,14,15,1,-1,-1,-1
169,8,513,339,19,24,1,-1,-1,-1
169,9,548,308,15,15,1,-1,-1,-1
170,1,619,307,14,15,1,-1,-1,-1
170,8,513,343,19,23,1,-1,-1,-1
170,9,547,310,14,15,1,-1,-1,-1
171,1,617,304,14,15,1,-1,-1,-1
171,8,512,347,19,23,1,-1,-1,-1
171,9,547,312,14,15,1,-1,-1,-1
172,1,619,304,14,15,1,-1,-1,-1
172,8,510,349,19,23,1,-1,-1,-1
172,9,545,314,14,15,1,-1,-1,-1
172,10,569,239,14,10,1,-1,-1,-1
173,1,619,304,14,15,1,-1,-1,-1
173,8,509,352,19,25,1,-1,-1,-1
173,9,544,318,14,15,1,-1,-1,-1
173,10,569,239,14,9,1,-1,-1,-1
174,1,620,304,14,15,1,-1,-1,-1
174,8,509,356,19,25,1,-1,-1,-1
174,9,544,320,14,15,1,-1,-1,-1
174,10,569,241,14,11,1,-1,-1,-1
175,1,619,305,14,15,1,-1,-1,-1
175,8,508,362,19,23,1,-1,-1,-1
175,9,544,322,14,17,1,-1,-1,-1
175,10,568,241,14,11,1,-1,-1,-1
176,1,620,304,14,15,1,-1,-1,-1
176,8,506,364,20,25,1,-1,-1,-1
176,9,543,325,14,15,1,-1,-1,-1
176,10,568,242,14,10,1,-1,-1,-1
177,1,620,304,14,15,1,-1,-1,-1
177,8,506,369,19,23,1,-1,-1,-1
177,9,543,327,14,15,1,-1,-1,-1
177,10,566,244,14,9,1,-1,-1,-1
178,1,621,304,14,15,1,-1,-1,-1
178,8,505,372,19,25,1,-1,-1,-1
178,9,543,328,14,17,1,-1,-1,-1
178,10,565,246,14,9,1,-1,-1,-1
179,1,620,304,14,15,1,-1,-1,-1
179,8,503,376,20,26,1,-1,-1,-1
179,9,543,331,14,17,1,-1,-1,-1
179,10,565,246,14,9,1,-1,-1,-1
180,1,620,304,14,15,1,-1,-1,-1
180,8,501,379,19,25,1,-1,-1,-1
180,9,542,333,15,19,1,-1,-1,-1
180,10,565,248,12,9,1,-1,-1,-1
181,1,621,303,14,15,1,-1,-1,-1
181,8,501,385,19,25,1,-1,-1,-1
181,9,540,337,15,17,1,-1,-1,-1
181,10,565,248,12,11,1,-1,-1,-1
182,1,619,304,14,15,1,-1,-1,-1
182,8,499,389,22,27,1,-1,-1,-1
182,9,540,339,15,19,1,-1,-1,-1
182,10,564,248,11,11,1,-1,-1,-1
183,1,622,304,14,15,1,-1,-1,-1
183,8,499,392,21,29,1,-1,-1,-1
183,9,539,343,15,19,1,-1,-1,-1
183,10,564,251,11,11,1,-1,-1,-1
184,1,621,304,14,15,1,-1,-1,-1
184,8,498,397,21,28,1,-1,-1,-1
184,9,539,345,15,18,1,-1,-1,-1
184,10,564,252,11,11,1,-1,-1,-1
185,1,623,304,14,15,1,-1,-1,-1
185,8,497,402,21,28,1,-1,-1,-1
185,9,539,347,16,19,1,-1,-1,-1
185,10,564,252,11,11,1,-1,-1,-1
186,1,623,304,14,15,1,-1,-1,-1
186,8,495,406,23,31,1,-1,-1,-1
186,9,537,351,16,20,1,-1,-1,-1
186,10,564,254,11,11,1,-1,-1,-1
187,1,623,302,14,15,1,-1,-1,-1
187,8,496,412,23,29,1,-1,-1,-1
187,9,537,356,17,19,1,-1,-1,-1
187,10,562,254,11,11,1,-1,-1,-1
188,1,624,302,14,15,1,-1,-1,-1
188,8,492,415,24,32,1,-1,-1,-1
188,9,535,360,16,19,1,-1,-1,-1
188,10,562,257,11,11,1,-1,-1,-1
189,1,624,302,14,15,1,-1,-1,-1
189,8,493,421,23,32,1,-1,-1,-1
189,9,535,362,16,19,1,-1,-1,-1
189,10,561,256,11,11,1,-1,-1,-1
189,11,586,250,9,10,1,-1,-1,-1
190,1,625,302,14,15,1,-1,-1,-1
190,8,489,428,23,32,1,-1,-1,-1
190,9,535,365,19,20,1,-1,-1,-1
190,10,560,258,13,12,1,-1,-1,-1
190,11,586,250,9,9,1,-1,-1,-1
191,1,625,302,14,15,1,-1,-1,-1
191,8,489,433,23,36,1,-1,-1,-1
191,9,535,368,16,22,1,-1,-1,-1
191,10,560,260,13,11,1,-1,-1,-1
191,11,585,252,9,9,1,-1,-1,-1
192,1,625,302,14,15,1,-1,-1,-1
192,8,488,439,25,34,1,-1,-1,-1
192,9,534,374,16,21,1,-1,-1,-1
192,10,559,262,13,11,1,-1,-1,-1
192,11,585,254,9,9,1,-1,-1,-1
193,1,625,302,14,15,1,-1,-1,-1
193,8,487,445,23,32,1,-1,-1,-1
193,9,532,379,16,19,1,-1,-1,-1
193,10,559,262,13,11,1,-1,-1,-1
193,11,583,254,9,9,1,-1,-1,-1
194,1,625,302,14,15,1,-1,-1,-1
194,8,484,451,24,37,1,-1,-1,-1
194,9,532,381,18,21,1,-1,-1,-1
194,10,557,264,13,11,1,-1,-1,-1
194,11,583,256,9,9,1,-1,-1,-1
195,1,625,303,13,14,1,-1,-1,-1
195,8,483,459,25,37,1,-1,-1,-1
195,9,531,383,20,25,1,-1,-1,-1
195,10,556,266,13,11,1,-1,-1,-1
195,11,582,258,11,10,1,-1,-1,-1
196,1,626,303,12,12,1,-1,-1,-1
196,8,483,464,26,40,1,-1,-1,-1
196,9,531,387,19,25,1,-1,-1,-1
196,10,556,268,13,11,1,-1,-1,-1
196,11,582,259,11,10,1,-1,-1,-1
197,1,626,302,12,13,1,-1,-1,-1
197,8,479,470,29,43,1,-1,-1,-1
197,9,530,391,19,25,1,-1,-1,-1
197,10,556,268,15,11,1,-1,-1,-1
197,11,582,260,11,10,1,-1,-1,-1
198,1,626,302,13,13,1,-1,-1,-1
198,8,478,478,30,44,1,-1,-1,-1
198,9,527,395,21,26,1,-1,-1,-1
198,10,556,271,13,11,1,-1,-1,-1
198,11,582,262,10,9,1,-1,-1,-1
199,1,626,303,12,12,1,-1,-1,-1
199,8,475,486,28,42,1,-1,-1,-1
199,9,527,401,20,26,1,-1,-1,-1
199,10,556,271,13,11,1,-1,-1,-1
199,11,581,262,12,10,1,-1,-1,-1
200,1,627,302,12,13,1,-1,-1,-1
200,8,474,493,29,44,1,-1,-1,-1
200,9,527,404,19,26,1,-1,-1,-1
200,10,554,273,14,12,1,-1,-1,-1
200,11,582,264,10,9,1,-1,-1,-1
201,1,628,301,12,13,1,-1,-1,-1
201,8,475,501,30,38,1,-1,-1,-1
201,9,526,410,19,26,1,-1,-1,-1
201,10,554,273,13,12,1,-1,-1,-1
201,11,579,266,11,9,1,-1,-1,-1
202,1,628,300,11,13,1,-1,-1,-1
202,8,471,511,28,28,1,-1,-1,-1
202,9,525,413,21,28,1,-1,-1,-1
202,10,552,275,14,12,1,-1,-1,-1
202,11,579,268,11,10,1,-1,-1,-1
203,1,629,300,11,13,1,-1,-1,-1
203,8,471,518,28,21,1,-1,-1,-1
203,9,523,420,22,29,1,-1,-1,-1
203,10,552,277,14,13,1,-1,-1,-1
203,11,579,268,12,11,1,-1,-1,-1
204,1,629,300,11,13,1,-1,-1,-1
204,9,523,426,21,28,1,-1,-1,-1
204,10,552,278,14,13,1,-1,-1,-1
204,11,579,271,11,10,1,-1,-1,-1
205,1,629,301,11,13,1,-1,-1,-1
205,9,522,430,23,30,1,-1,-1,-1
205,10,551,281,14,12,1,-1,-1,-1
205,11,578,271,11,12,1,-1,-1,-1
206,1,630,301,11,13,1,-1,-1,-1
206,9,521,435,23,30,1,-1,-1,-1
206,10,550,281,14,14,1,-1,-1,-1
206,11,577,272,12,12,1,-1,-1,-1
207,1,630,300,11,13,1,-1,-1,-1
207,9,519,441,23,32,1,-1,-1,-1
207,10,550,283,14,13,1,-1,-1,-1
207,11,577,274,12,11,1,-1,-1,-1
208,1,630,300,11,13,1,-1,-1,-1
208,9,520,447,24,33,1,-1,-1,-1
208,10,549,285,14,14,1,-1,-1,-1
208,11,577,275,11,11,1,-1,-1,-1
209,1,630,300,11,13,1,-1,-1,-1
209,9,520,453,20,33,1,-1,-1,-1
209,10,548,287,15,13,1,-1,-1,-1
209,11,576,277,11,12,1,-1,-1,-1
210,1,631,300,11,13,1,-1,-1,-1
210,9,518,458,23,36,1,-1,-1,-1
210,10,548,289,14,13,1,-1,-1,-1
210,11,576,279,13,13,1,-1,-1,-1
211,1,632,300,10,13,1,-1,-1,-1
211,9,517,464,24,39,1,-1,-1,-1
211,10,548,291,14,13,1,-1,-1,-1
211,11,576,281,13,12,1,-1,-1,-1
212,1,632,300,10,13,1,-1,-1,-1
212,9,515,472,24,40,1,-1,-1,-1
212,10,548,291,14,13,1,-1,-1,-1
212,11,575,283,12,13,1,-1,-1,-1
213,1,633,298,10,13,1,-1,-1,-1
213,9,514,480,26,38,1,-1,-1,-1
213,10,547,294,15,14,1,-1,-1,-1
213,11,574,283,12,14,1,-1,-1,-1
214,1,632,300,13,13,1,-1,-1,-1
214,9,514,485,27,41,1,-1,-1,-1
214,10,545,296,15,14,1,-1,-1,-1
214,11,574,286,12,13,1,-1,-1,-1
215,1,633,298,11,14,1,-1,-1,-1
215,9,513,493,27,40,1,-1,-1,-1
215,10,544,297,16,15,1,-1,-1,-1
215,11,572,287,14,13,1,-1,-1,-1
216,1,633,298,12,13,1,-1,-1,-1
216,9,512,501,27,38,1,-1,-1,-1
216,10,545,299,15,16,1,-1,-1,-1
216,11,572,289,13,14,1,-1,-1,-1
217,1,633,298,11,13,1,-1,-1,-1
217,9,510,511,26,28,1,-1,-1,-1
217,10,543,301,16,15,1,-1,-1,-1
217,11,572,291,13,13,1,-1,-1,-1
218,1,635,299,10,13,1,-1,-1,-1
218,9,510,518,27,21,1,-1,-1,-1
218,10,543,304,15,15,1,-1,-1,-1
218,11,572,293,13,13,1,-1,-1,-1
219,1,633,298,12,13,1,-1,-1,-1
219,10,542,304,16,16,1,-1,-1,-1
219,11,570,295,13,13,1,-1,-1,-1
220,1,635,298,11,13,1,-1,-1,-1
220,10,540,306,17,17,1,-1,-1,-1
220,11,570,297,15,14,1,-1,-1,-1
221,1,633,298,14,13,1,-1,-1,-1
221,10,540,310,15,17,1,-1,-1,-1
221,11,571,300,13,13,1,-1,-1,-1
222,1,635,298,11,13,1,-1,-1,-1
222,10,541,313,15,15,1,-1,-1,-1
222,11,569,302,14,13,1,-1,-1,-1
223,1,634,297,13,13,1,-1,-1,-1
223,10,539,314,16,16,1,-1,-1,-1
223,11,568,304,14,14,1,-1,-1,-1
224,1,635,298,14,14,1,-1,-1,-1
224,10,538,316,18,17,1,-1,-1,-1
224,11,566,306,15,14,1,-1,-1,-1
225,1,634,296,14,14,1,-1,-1,-1
225,10,538,318,17,16,1,-1,-1,-1
225,11,566,308,15,14,1,-1,-1,-1
226,1,637,297,11,13,1,-1,-1,-1
226,10,536,321,18,16,1,-1,-1,-1
226,11,566,310,14,14,1,-1,-1,-1
227,1,636,296,14,14,1,-1,-1,-1
227,10,535,322,18,18,1,-1,-1,-1
227,11,565,312,14,13,1,-1,-1,-1
228,1,636,297,14,13,1,-1,-1,-1
228,10,535,325,18,18,1,-1,-1,-1
228,11,566,316,14,13,1,-1,-1,-1
229,1,636,297,14,13,1,-1,-1,-1
229,10,534,329,18,17,1,-1,-1,-1
229,11,564,318,14,13,1,-1,-1,-1
230,1,637,295,14,13,1,-1,-1,-1
230,10,532,331,18,15,1,-1,-1,-1
230,11,562,320,14,13,1,-1,-1,-1
231,1,637,295,14,13,1,-1,-1,-1
231,10,532,333,18,17,1,-1,-1,-1
231,11,562,323,16,16,1,-1,-1,-1
232,1,637,295,14,13,1,-1,-1,-1
232,10,531,337,18,18,1,-1,-1,-1
232,11,561,327,16,14,1,-1,-1,-1
233,1,638,295,14,13,1,-1,-1,-1
233,10,531,339,18,17,1,-1,-1,-1
233,11,561,329,16,15,1,-1,-1,-1
234,1,640,295,14,13,1,-1,-1,-1
234,10,531,343,18,17,1,-1,-1,-1
234,11,561,331,17,15,1,-1,-1,-1
235,1,640,295,14,13,1,-1,-1,-1
235,10,529,344,19,20,1,-1,-1,-1
235,11,561,333,16,17,1,-1,-1,-1
235,12,592,258,11,12,1,-1,-1,-1
235,13,581,254,12,10,1,-1,-1,-1
235,14,610,234,10,10,1,-1,-1,-1
235,15,592,234,12,10,1,-1,-1,-1
235,16,586,217,20,19,1,-1,-1,-1
236,1,640,295,14,13,1,-1,-1,-1
236,10,527,347,19,19,1,-1,-1,-1
236,11,560,337,16,15,1,-1,-1,-1
236,12,591,258,10,11,1,-1,-1,-1
236,13,579,254,11,9,1,-1,-1,-1
236,14,609,235,10,9,1,-1,-1,-1
236,15,591,235,11,9,1,-1,-1,-1
236,16,585,217,19,19,1,-1,-1,-1
237,1,640,296,14,13,1,-1,-1,-1
237,10,526,349,19,19,1,-1,-1,-1
237,11,560,339,15,17,1,-1,-1,-1
237,12,590,260,10,11,1,-1,-1,-1
237,13,578,256,13,11,1,-1,-1,-1
237,14,608,235,10,9,1,-1,-1,-1
237,15,591,237,11,9,1,-1,-1,-1
237,16,585,219,19,19,1,-1,-1,-1
238,1,641,295,14,13,1,-1,-1,-1
238,10,526,351,19,22,1,-1,-1,-1
238,11,557,343,16,16,1,-1,-1,-1
238,12,590,262,12,11,1,-1,-1,-1
238,13,578,258,13,11,1,-1,-1,-1
238,14,608,237,10,10,1,-1,-1,-1
238,15,591,237,11,9,1,-1,-1,-1
238,16,585,219,19,19,1,-1,-1,-1
239,1,642,295,14,13,1,-1,-1,-1
239,10,525,356,19,19,1,-1,-1,-1
239,11,556,345,18,16,1,-1,-1,-1
239,12,590,264,13,10,1,-1,-1,-1
239,13,579,258,11,9,1,-1,-1,-1
239,14,608,239,10,9,1,-1,-1,-1
239,15,590,237,11,9,1,-1,-1,-1
239,16,585,219,19,19,1,-1,-1,-1
240,1,642,295,14,13,1,-1,-1,-1
240,10,523,358,19,22,1,-1,-1,-1
240,11,556,349,16,15,1,-1,-1,-1
240,12,590,264,11,13,1,-1,-1,-1
240,13,578,260,11,9,1,-1,-1,-1
240,14,608,239,11,10,1,-1,-1,-1
240,15,590,239,11,9,1,-1,-1,-1
240,16,583,221,19,19,1,-1,-1,-1
241,1,642,295,14,13,1,-1,-1,-1
241,10,523,362,20,22,1,-1,-1,-1
241,11,556,352,16,17,1,-1,-1,-1
241,12,589,266,12,11,1,-1,-1,-1
241,13,578,261,12,11,1,-1,-1,-1
241,14,608,241,10,9,1,-1,-1,-1
241,15,590,239,12,11,1,-1,-1,-1
241,16,582,221,19,19,1,-1,-1,-1
242,1,642,295,14,13,1,-1,-1,-1
242,10,522,365,21,22,1,-1,-1,-1
242,11,555,356,18,18,1,-1,-1,-1
242,12,589,266,12,11,1,-1,-1,-1
242,13,577,264,11,9,1,-1,-1,-1
242,14,607,241,11,9,1,-1,-1,-1
242,15,590,241,11,9,1,-1,-1,-1
242,16,582,223,19,19,1,-1,-1,-1
243,1,642,295,14,13,1,-1,-1,-1
243,10,521,367,21,24,1,-1,-1,-1
243,11,555,358,18,20,1,-1,-1,-1
243,12,589,269,10,11,1,-1,-1,-1
243,13,577,264,11,9,1,-1,-1,-1
243,14,607,243,10,9,1,-1,-1,-1
243,15,589,243,11,9,1,-1,-1,-1
243,16,582,223,19,19,1,-1,-1,-1
244,1,642,295,14,13,1,-1,-1,-1
244,10,519,371,21,24,1,-1,-1,-1
244,11,553,362,18,19,1,-1,-1,-1
244,12,588,271,12,11,1,-1,-1,-1
244,13,576,266,11,9,1,-1,-1,-1
244,14,607,244,10,9,1,-1,-1,-1
244,15,588,243,11,9,1,-1,-1,-1
244,16,582,225,19,19,1,-1,-1,-1
245,1,643,295,14,13,1,-1,-1,-1
245,10,518,374,22,26,1,-1,-1,-1
245,11,553,366,18,19,1,-1,-1,-1
245,12,587,271,11,11,1,-1,-1,-1
245,13,574,266,12,11,1,-1,-1,-1
245,14,606,244,10,9,1,-1,-1,-1
245,15,587,244,10,9,1,-1,-1,-1
245,16,581,225,19,19,1,-1,-1,-1
246,1,643,295,14,13,1,-1,-1,-1
246,10,517,379,22,27,1,-1,-1,-1
246,11,552,370,18,19,1,-1,-1,-1
246,12,587,273,11,11,1,-1,-1,-1
246,13,574,268,13,12,1,-1,-1,-1
246,14,606,246,10,10,1,-1,-1,-1
246,15,586,244,12,10,1,-1,-1,-1
246,16,581,227,19,19,1,-1,-1,-1
247,1,642,295,14,13,1,-1,-1,-1
247,10,515,383,23,27,1,-1,-1,-1
247,11,552,374,18,19,1,-1,-1,-1
247,12,587,275,11,11,1,-1,-1,-1
247,13,573,270,13,11,1,-1,-1,-1
247,14,605,246,10,10,1,-1,-1,-1
247,15,586,246,11,11,1,-1,-1,-1
247,16,578,227,21,20,1,-1,-1,-1
248,1,643,295,14,13,1,-1,-1,-1
248,10,514,387,21,25,1,-1,-1,-1
248,11,551,379,18,19,1,-1,-1,-1
248,12,586,277,11,11,1,-1,-1,-1
248,13,571,271,13,11,1,-1,-1,-1
248,14,604,248,10,11,1,-1,-1,-1
248,15,586,248,10,9,1,-1,-1,-1
248,16,578,227,20,21,1,-1,-1,-1
249,1,645,293,14,13,1,-1,-1,-1
249,10,514,391,20,27,1,-1,-1,-1
249,11,551,383,18,19,1,-1,-1,-1
249,12,586,277,11,11,1,-1,-1,-1
249,13,572,273,12,11,1,-1,-1,-1
249,14,604,248,10,11,1,-1,-1,-1
249,15,586,248,12,10,1,-1,-1,-1
249,16,578,229,19,19,1,-1,-1,-1
250,1,645,295,14,13,1,-1,-1,-1
250,10,512,395,24,26,1,-1,-1,-1
250,11,550,384,19,25,1,-1,-1,-1
250,12,586,279,11,11,1,-1,-1,-1
250,13,572,275,11,11,1,-1,-1,-1
250,14,604,250,10,9,1,-1,-1,-1
250,15,586,250,10,9,1,-1,-1,-1
250,16,576,226,21,25,1,-1,-1,-1
251,1,645,293,14,13,1,-1,-1,-1
251,10,511,401,24,27,1,-1,-1,-1
251,11,548,391,19,21,1,-1,-1,-1
251,12,586,281,11,11,1,-1,-1,-1
251,13,570,277,13,10,1,-1,-1,-1
251,14,603,250,11,11,1,-1,-1,-1
251,15,585,250,11,11,1,-1,-1,-1
251,16,577,231,20,21,1,-1,-1,-1
252,1,646,293,14,13,1,-1,-1,-1
252,10,509,405,24,28,1,-1,-1,-1
252,11,548,394,19,24,1,-1,-1,-1
252,12,586,281,11,11,1,-1,-1,-1
252,13,570,277,12,11,1,-1,-1,-1
252,14,603,252,10,10,1,-1,-1,-1
252,15,585,250,11,12,1,-1,-1,-1
252,16,578,231,19,19,1,-1,-1,-1
253,1,646,293,14,13,1,-1,-1,-1
253,10,509,408,24,30,1,-1,-1,-1
253,11,548,399,19,23,1,-1,-1,-1
253,12,585,283,13,12,1,-1,-1,-1
253,13,569,279,13,12,1,-1,-1,-1
253,14,603,253,11,10,1,-1,-1,-1
253,15,585,252,11,11,1,-1,-1,-1
253,16,576,231,20,23,1,-1,-1,-1
253,17,606,231,12,10,1,-1,-1,-1
254,1,646,293,14,13,1,-1,-1,-1
254,10,508,412,23,30,1,-1,-1,-1
254,11,545,405,19,23,1,-1,-1,-1
254,12,585,285,13,11,1,-1,-1,-1
254,13,568,281,13,11,1,-1,-1,-1
254,14,602,254,10,9,1,-1,-1,-1
254,15,583,252,10,11,1,-1,-1,-1
254,16,576,231,19,23,1,-1,-1,-1
254,17,604,231,11,9,1,-1,-1,-1
255,1,647,293,14,13,1,-1,-1,-1
255,10,506,418,23,30,1,-1,-1,-1
255,11,545,410,19,23,1,-1,-1,-1
255,12,583,287,13,11,1,-1,-1,-1
255,13,568,283,13,11,1,-1,-1,-1
255,14,603,256,10,9,1,-1,-1,-1
255,15,583,254,10,11,1,-1,-1,-1
255,16,574,233,19,23,1,-1,-1,-1
255,17,604,233,11,9,1,-1,-1,-1
256,1,646,293,14,13,1,-1,-1,-1
256,10,505,424,23,30,1,-1,-1,-1
256,11,544,414,19,25,1,-1,-1,-1
256,12,583,287,13,11,1,-1,-1,-1
256,13,566,285,13,11,1,-1,-1,-1
256,14,600,256,10,9,1,-1,-1,-1
256,15,582,256,10,11,1,-1,-1,-1
256,16,574,233,19,23,1,-1,-1,-1
256,17,604,235,11,9,1,-1,-1,-1
257,1,647,293,14,13,1,-1,-1,-1
257,10,503,430,25,31,1,-1,-1,-1
257,11,542,418,21,29,1,-1,-1,-1
257,12,582,289,13,13,1,-1,-1,-1
257,13,565,287,14,11,1,-1,-1,-1
257,14,600,258,12,11,1,-1,-1,-1
257,15,582,256,10,11,1,-1,-1,-1
257,16,573,235,19,23,1,-1,-1,-1
257,17,603,235,11,9,1,-1,-1,-1
258,1,649,293,14,13,1,-1,-1,-1
258,10,502,435,24,32,1,-1,-1,-1
258,11,541,426,21,27,1,-1,-1,-1
258,12,582,291,13,13,1,-1,-1,-1
258,13,566,289,13,11,1,-1,-1,-1
258,14,600,260,10,9,1,-1,-1,-1
258,15,582,258,10,11,1,-1,-1,-1
258,16,571,235,22,24,1,-1,-1,-1
258,17,603,237,11,9,1,-1,-1,-1
259,1,649,293,14,13,1,-1,-1,-1
259,10,501,441,24,32,1,-1,-1,-1
259,11,541,430,21,26,1,-1,-1,-1
259,12,582,293,13,13,1,-1,-1,-1
259,13,564,289,14,13,1,-1,-1,-1
259,14,599,260,12,11,1,-1,-1,-1
259,15,582,259,11,11,1,-1,-1,-1
259,16,570,237,22,24,1,-1,-1,-1
259,17,603,237,11,9,1,-1,-1,-1
260,1,649,291,14,13,1,-1,-1,-1
260,10,500,447,24,33,1,-1,-1,-1
260,11,539,438,21,27,1,-1,-1,-1
260,12,582,295,13,11,1,-1,-1,-1
260,13,564,291,13,11,1,-1,-1,-1
260,14,599,262,10,9,1,-1,-1,-1
260,15,581,260,11,12,1,-1,-1,-1
260,16,572,237,19,23,1,-1,-1,-1
260,17,603,237,11,9,1,-1,-1,-1
261,1,649,291,14,13,1,-1,-1,-1
261,10,497,450,26,35,1,-1,-1,-1
261,11,537,440,23,31,1,-1,-1,-1
261,12,581,298,13,11,1,-1,-1,-1
261,13,562,293,13,11,1,-1,-1,-1
261,14,599,264,12,10,1,-1,-1,-1
261,15,581,262,10,11,1,-1,-1,-1
261,16,569,239,22,25,1,-1,-1,-1
261,17,603,239,11,9,1,-1,-1,-1
262,1,650,293,14,13,1,-1,-1,-1
262,10,495,456,26,37,1,-1,-1,-1
262,11,537,446,23,34,1,-1,-1,-1
262,12,581,300,13,11,1,-1,-1,-1
262,13,562,295,13,13,1,-1,-1,-1
262,14,597,264,13,12,1,-1,-1,-1
262,15,579,262,12,12,1,-1,-1,-1
262,16,568,241,22,23,1,-1,-1,-1
262,17,603,239,11,9,1,-1,-1,-1
263,1,650,293,14,13,1,-1,-1,-1
263,10,493,462,26,39,1,-1,-1,-1
263,11,536,455,23,32,1,-1,-1,-1
263,12,580,301,14,13,1,-1,-1,-1
263,13,561,296,14,13,1,-1,-1,-1
263,14,597,266,13,11,1,-1,-1,-1
263,15,580,265,11,11,1,-1,-1,-1
263,16,566,241,22,25,1,-1,-1,-1
263,17,603,242,10,9,1,-1,-1,-1
264,1,650,291,14,13,1,-1,-1,-1
264,10,490,469,29,40,1,-1,-1,-1
264,11,533,461,24,34,1,-1,-1,-1
264,12,578,302,14,13,1,-1,-1,-1
264,13,560,298,14,14,1,-1,-1,-1
264,14,597,267,13,11,1,-1,-1,-1
264,15,579,265,11,11,1,-1,-1,-1
264,16,567,242,21,25,1,-1,-1,-1
264,17,602,243,10,9,1,-1,-1,-1
265,1,650,291,14,13,1,-1,-1,-1
265,10,490,478,27,40,1,-1,-1,-1
265,11,531,468,24,34,1,-1,-1,-1
265,12,578,304,14,13,1,-1,-1,-1
265,13,559,300,13,13,1,-1,-1,-1
265,14,595,268,13,11,1,-1,-1,-1
265,15,578,267,11,11,1,-1,-1,-1
265,16,566,244,22,24,1,-1,-1,-1
265,17,602,245,10,9,1,-1,-1,-1
266,1,651,292,14,13,1,-1,-1,-1
266,10,487,484,28,43,1,-1,-1,-1
266,11,531,475,26,34,1,-1,-1,-1
266,12,578,306,14,13,1,-1,-1,-1
266,13,559,304,13,13,1,-1,-1,-1
266,14,596,271,13,11,1,-1,-1,-1
266,15,577,268,11,11,1,-1,-1,-1
266,16,564,246,23,25,1,-1,-1,-1
266,17,599,244,12,10,1,-1,-1,-1
267,1,651,292,14,13,1,-1,-1,-1
267,10,484,491,28,43,1,-1,-1,-1
267,11,528,484,26,36,1,-1,-1,-1
267,12,577,308,14,14,1,-1,-1,-1
267,13,557,306,14,14,1,-1,-1,-1
267,14,594,271,13,11,1,-1,-1,-1
267,15,576,268,11,11,1,-1,-1,-1
267,16,563,246,23,24,1,-1,-1,-1
267,17,600,246,10,9,1,-1,-1,-1
268,1,651,291,14,13,1,-1,-1,-1
268,10,484,499,26,38,1,-1,-1,-1
268,11,526,491,27,36,1,-1,-1,-1
268,12,576,310,14,14,1,-1,-1,-1
268,13,556,308,14,14,1,-1,-1,-1
268,14,594,273,13,13,1,-1,-1,-1
268,15,576,271,11,11,1,-1,-1,-1
268,16,563,248,22,24,1,-1,-1,-1
268,17,598,246,12,11,1,-1,-1,-1
269,1,652,292,14,13,1,-1,-1,-1
269,10,481,509,27,30,1,-1,-1,-1
269,11,523,499,28,38,1,-1,-1,-1
269,12,577,314,14,13,1,-1,-1,-1
269,13,556,310,14,14,1,-1,-1,-1
269,14,592,275,13,11,1,-1,-1,-1
269,15,574,273,11,11,1,-1,-1,-1
269,16,561,247,24,28,1,-1,-1,-1
269,17,599,246,10,12,1,-1,-1,-1
270,1,651,291,14,13,1,-1,-1,-1
270,10,480,518,29,21,1,-1,-1,-1
270,11,525,509,25,30,1,-1,-1,-1
270,12,576,316,14,13,1,-1,-1,-1
270,13,553,312,15,15,1,-1,-1,-1
270,14,591,277,13,11,1,-1,-1,-1
270,15,574,274,11,11,1,-1,-1,-1
270,16,560,249,25,27,1,-1,-1,-1
270,17,598,247,13,12,1,-1,-1,-1
271,1,653,292,14,13,1,-1,-1,-1
271,10,479,520,26,19,1,-1,-1,-1
271,11,522,518,24,21,1,-1,-1,-1
271,12,575,318,14,14,1,-1,-1,-1
271,13,553,315,14,14,1,-1,-1,-1
271,14,592,278,13,11,1,-1,-1,-1
271,15,574,276,11,11,1,-1,-1,-1
271,16,560,249,24,28,1,-1,-1,-1
271,17,596,250,13,10,1,-1,-1,-1
272,1,653,292,13,13,1,-1,-1,-1
272,11,525,527,22,12,1,-1,-1,-1
272,12,573,319,15,15,1,-1,-1,-1
272,13,552,318,14,13,1,-1,-1,-1
272,14,590,279,13,12,1,-1,-1,-1
272,15,573,276,13,12,1,-1,-1,-1
272,16,558,250,24,30,1,-1,-1,-1
272,17,595,250,13,9,1,-1,-1,-1
273,1,653,291,14,13,1,-1,-1,-1
273,12,572,320,16,16,1,-1,-1,-1
273,13,551,320,14,13,1,-1,-1,-1
273,14,590,281,13,11,1,-1,-1,-1
273,15,572,276,12,13,1,-1,-1,-1
273,16,557,252,23,28,1,-1,-1,-1
273,17,595,252,13,9,1,-1,-1,-1
274,1,653,291,14,13,1,-1,-1,-1
274,12,573,324,14,15,1,-1,-1,-1
274,13,550,322,15,16,1,-1,-1,-1
274,14,589,281,13,13,1,-1,-1,-1
274,15,572,279,13,12,1,-1,-1,-1
274,16,556,254,25,29,1,-1,-1,-1
274,17,594,254,13,9,1,-1,-1,-1
275,1,653,291,14,14,1,-1,-1,-1
275,12,570,325,15,16,1,-1,-1,-1
275,13,548,324,17,16,1,-1,-1,-1
275,14,589,285,13,11,1,-1,-1,-1
275,15,571,279,14,14,1,-1,-1,-1
275,16,556,256,23,28,1,-1,-1,-1
275,17,592,256,13,9,1,-1,-1,-1
276,1,653,291,14,13,1,-1,-1,-1
276,12,572,327,15,17,1,-1,-1,-1
276,13,548,327,16,16,1,-1,-1,-1
276,14,588,285,14,13,1,-1,-1,-1
276,15,569,283,10,11,1,-1,-1,-1
276,16,554,256,26,29,1,-1,-1,-1
276,17,592,256,13,9,1,-1,-1,-1
277,1,654,291,14,13,1,-1,-1,-1
277,12,569,330,18,17,1,-1,-1,-1
277,13,547,330,16,16,1,-1,-1,-1
277,14,587,287,13,13,1,-1,-1,-1
277,15,569,283,14,15,1,-1,-1,-1
277,16,554,257,25,31,1,-1,-1,-1
277,17,593,257,13,11,1,-1,-1,-1
278,1,654,291,14,13,1,-1,-1,-1
278,12,569,332,18,17,1,-1,-1,-1
278,13,545,333,17,17,1,-1,-1,-1
278,14,586,289,13,14,1,-1,-1,-1
278,15,568,285,13,15,1,-1,-1,-1
278,16,553,257,25,31,1,-1,-1,-1
278,17,592,258,13,10,1,-1,-1,-1
279,1,654,291,14,13,1,-1,-1,-1
279,12,569,335,17,17,1,-1,-1,-1
279,13,544,335,16,18,1,-1,-1,-1
279,14,587,291,14,13,1,-1,-1,-1
279,15,568,288,13,13,1,-1,-1,-1
279,16,552,259,25,32,1,-1,-1,-1
279,17,590,260,13,9,1,-1,-1,-1
280,1,655,292,14,13,1,-1,-1,-1
280,12,569,337,15,18,1,-1,-1,-1
280,13,543,338,18,18,1,-1,-1,-1
280,14,585,293,14,13,1,-1,-1,-1
280,15,567,289,13,14,1,-1,-1,-1
280,16,551,262,27,32,1,-1,-1,-1
280,17,590,259,14,12,1,-1,-1,-1
281,1,655,291,14,13,1,-1,-1,-1
281,12,567,340,17,18,1,-1,-1,-1
281,13,542,342,18,17,1,-1,-1,-1
281,14,583,295,16,14,1,-1,-1,-1
281,15,566,291,13,13,1,-1,-1,-1
281,16,549,262,27,32,1,-1,-1,-1
281,17,590,262,14,11,1,-1,-1,-1
282,1,655,291,14,13,1,-1,-1,-1
282,12,565,343,16,17,1,-1,-1,-1
282,13,541,345,17,19,1,-1,-1,-1
282,14,583,297,14,14,1,-1,-1,-1
282,15,565,293,13,13,1,-1,-1,-1
282,16,549,266,27,32,1,-1,-1,-1
282,17,589,262,14,11,1,-1,-1,-1
283,1,654,291,14,13,1,-1,-1,-1
283,12,565,347,16,17,1,-1,-1,-1
283,13,539,349,18,17,1,-1,-1,-1
283,14,583,298,14,14,1,-1,-1,-1
283,15,565,295,13,13,1,-1,-1,-1
283,16,548,268,24,30,1,-1,-1,-1
283,17,587,264,14,11,1,-1,-1,-1
284,1,655,291,14,13,1,-1,-1,-1
284,12,565,349,16,17,1,-1,-1,-1
284,13,539,352,18,17,1,-1,-1,-1
284,14,582,302,14,13,1,-1,-1,-1
284,15,564,297,13,13,1,-1,-1,-1
284,16,548,271,24,30,1,-1,-1,-1
284,17,587,264,14,11,1,-1,-1,-1
285,1,656,291,14,13,1,-1,-1,-1
285,12,564,352,16,17,1,-1,-1,-1
285,13,536,356,18,17,1,-1,-1,-1
285,14,581,302,14,14,1,-1,-1,-1
285,15,564,297,13,15,1,-1,-1,-1
285,16,547,271,27,32,1,-1,-1,-1
285,17,586,266,14,11,1,-1,-1,-1
286,1,656,291,14,13,1,-1,-1,-1
286,12,562,354,16,17,1,-1,-1,-1
286,13,535,358,18,20,1,-1,-1,-1
286,14,580,304,14,14,1,-1,-1,-1
286,15,563,297,13,17,1,-1,-1,-1
286,16,545,273,26,30,1,-1,-1,-1
286,17,586,268,14,11,1,-1,-1,-1
287,1,657,292,14,13,1,-1,-1,-1
287,12,562,358,16,17,1,-1,-1,-1
287,13,534,362,18,20,1,-1,-1,-1
287,14,579,306,16,17,1,-1,-1,-1
287,15,562,299,13,17,1,-1,-1,-1
287,16,544,275,26,30,1,-1,-1,-1
287,17,586,269,14,11,1,-1,-1,-1
288,1,655,291,14,13,1,-1,-1,-1
288,12,561,361,17,19,1,-1,-1,-1
288,13,532,366,18,19,1,-1,-1,-1
288,14,579,308,14,16,1,-1,-1,-1
288,15,560,302,14,16,1,-1,-1,-1
288,16,542,275,29,34,1,-1,-1,-1
288,17,585,269,13,14,1,-1,-1,-1
289,1,657,291,14,13,1,-1,-1,-1
289,12,561,364,19,19,1,-1,-1,-1
289,13,530,370,19,19,1,-1,-1,-1
289,14,578,309,15,17,1,-1,-1,-1
289,15,560,304,13,16,1,-1,-1,-1
289,16,543,274,27,36,1,-1,-1,-1
289,17,584,272,14,13,1,-1,-1,-1
290,1,658,290,14,13,1,-1,-1,-1
290,12,560,368,19,20,1,-1,-1,-1
290,13,528,374,20,20,1,-1,-1,-1
290,14,577,310,17,18,1,-1,-1,-1
290,15,559,308,14,15,1,-1,-1,-1
290,16,542,275,27,36,1,-1,-1,-1
290,17,582,273,14,13,1,-1,-1,-1
291,1,658,291,14,13,1,-1,-1,-1
291,12,560,370,19,21,1,-1,-1,-1
291,13,526,378,20,21,1,-1,-1,-1
291,14,577,314,14,17,1,-1,-1,-1
291,15,558,309,14,16,1,-1,-1,-1
291,16,539,277,27,37,1,-1,-1,-1
291,17,582,275,14,13,1,-1,-1,-1
292,1,658,291,14,13,1,-1,-1,-1
292,12,557,374,20,23,1,-1,-1,-1
292,13,526,380,19,23,1,-1,-1,-1
292,14,576,316,16,17,1,-1,-1,-1
292,15,557,310,14,17,1,-1,-1,-1
292,16,539,279,27,36,1,-1,-1,-1
292,17,582,278,14,13,1,-1,-1,-1
293,1,659,291,14,13,1,-1,-1,-1
293,12,557,378,19,22,1,-1,-1,-1
293,13,523,387,22,21,1,-1,-1,-1
293,14,574,318,17,19,1,-1,-1,-1
293,15,557,312,15,18,1,-1,-1,-1
293,16,539,281,26,34,1,-1,-1,-1
293,17,581,279,14,13,1,-1,-1,-1
294,1,659,291,14,13,1,-1,-1,-1
294,12,556,381,19,22,1,-1,-1,-1
294,13,522,391,21,21,1,-1,-1,-1
294,14,573,321,16,18,1,-1,-1,-1
294,15,556,313,15,17,1,-1,-1,-1
294,16,538,285,27,36,1,-1,-1,-1
294,17,581,279,14,13,1,-1,-1,-1
295,1,659,291,14,13,1,-1,-1,-1
295,12,556,385,19,22,1,-1,-1,-1
295,13,523,393,20,24,1,-1,-1,-1
295,14,573,324,14,17,1,-1,-1,-1
295,15,555,316,15,18,1,-1,-1,-1
295,16,535,285,28,39,1,-1,-1,-1
295,17,579,281,15,14,1,-1,-1,-1
296,1,659,291,14,13,1,-1,-1,-1
296,12,555,389,19,23,1,-1,-1,-1
296,13,521,398,21,25,1,-1,-1,-1
296,14,573,325,17,18,1,-1,-1,-1
296,15,553,322,13,13,1,-1,-1,-1
296,16,535,287,28,38,1,-1,-1,-1
296,17,578,283,14,13,1,-1,-1,-1
297,1,660,291,14,13,1,-1,-1,-1
297,12,555,391,19,24,1,-1,-1,-1
297,13,519,403,19,25,1,-1,-1,-1
297,14,571,329,16,20,1,-1,-1,-1
297,15,553,320,15,19,1,-1,-1,-1
297,16,534,289,30,40,1,-1,-1,-1
297,17,579,285,14,15,1,-1,-1,-1
298,1,662,291,14,13,1,-1,-1,-1
298,12,554,395,19,24,1,-1,-1,-1
298,13,518,408,20,25,1,-1,-1,-1
298,14,572,331,17,20,1,-1,-1,-1
298,15,553,322,14,21,1,-1,-1,-1
298,16,534,291,30,40,1,-1,-1,-1
298,17,579,287,14,13,1,-1,-1,-1
299,1,663,289,14,13,1,-1,-1,-1
299,12,553,399,21,27,1,-1,-1,-1
299,13,517,412,23,27,1,-1,-1,-1
299,14,572,333,16,19,1,-1,-1,-1
299,15,552,324,14,21,1,-1,-1,-1
299,16,534,293,30,40,1,-1,-1,-1
299,17,578,289,13,11,1,-1,-1,-1
300,1,663,291,14,13,1,-1,-1,-1
300,12,553,403,20,27,1,-1,-1,-1
300,13,517,418,19,25,1,-1,-1,-1
300,14,572,337,16,19,1,-1,-1,-1
300,15,553,327,14,21,1,-1,-1,-1
300,16,534,297,28,38,1,-1,-1,-1
300,17,580,291,13,13,1,-1,-1,-1
301,1,663,291,14,13,1,-1,-1,-1
301,12,552,408,22,25,1,-1,-1,-1
301,13,515,424,19,25,1,-1,-1,-1
301,14,572,341,16,19,1,-1,-1,-1
301,15,554,329,14,21,1,-1,-1,-1
301,16,532,298,30,40,1,-1,-1,-1
301,17,578,293,14,13,1,-1,-1,-1
302,1,666,291,14,13,1,-1,-1,-1
302,12,554,412,21,27,1,-1,-1,-1
302,13,514,427,22,29,1,-1,-1,-1
302,14,572,343,16,19,1,-1,-1,-1
302,15,552,332,17,20,1,-1,-1,-1
302,16,529,302,33,40,1,-1,-1,-1
302,17,579,293,14,13,1,-1,-1,-1
303,1,667,291,14,13,1,-1,-1,-1
303,12,554,416,21,27,1,-1,-1,-1
303,13,514,434,23,28,1,-1,-1,-1
303,14,573,345,16,19,1,-1,-1,-1
303,15,553,332,17,23,1,-1,-1,-1
303,16,531,302,30,45,1,-1,-1,-1
303,17,579,297,14,13,1,-1,-1,-1
304,1,668,291,14,13,1,-1,-1,-1
304,12,553,420,25,28,1,-1,-1,-1
304,13,513,439,25,31,1,-1,-1,-1
304,14,572,349,16,19,1,-1,-1,-1
304,15,552,337,18,22,1,-1,-1,-1
304,16,531,306,31,42,1,-1,-1,-1
304,17,581,298,14,13,1,-1,-1,-1
305,1,671,291,14,13,1,-1,-1,-1
305,12,553,423,25,30,1,-1,-1,-1
305,13,511,444,25,35,1,-1,-1,-1
305,14,573,352,16,19,1,-1,-1,-1
305,15,552,338,18,23,1,-1,-1,-1
305,16,527,308,35,45,1,-1,-1,-1
305,17,580,299,16,16,1,-1,-1,-1
306,1,673,291,14,13,1,-1,-1,-1
306,12,554,430,25,29,1,-1,-1,-1
306,13,512,450,25,34,1,-1,-1,-1
306,14,573,356,16,19,1,-1,-1,-1
306,15,555,337,18,26,1,-1,-1,-1
306,16,529,310,34,44,1,-1,-1,-1
306,17,582,302,14,13,1,-1,-1,-1
307,1,676,291,14,13,1,-1,-1,-1
307,12,555,433,24,33,1,-1,-1,-1
307,13,510,455,29,36,1,-1,-1,-1
307,14,574,358,16,19,1,-1,-1,-1
307,15,556,342,17,24,1,-1,-1,-1
307,16,530,310,35,47,1,-1,-1,-1
307,17,583,303,17,16,1,-1,-1,-1
308,1,677,291,14,13,1,-1,-1,-1
308,12,556,437,23,32,1,-1,-1,-1
308,13,509,460,30,36,1,-1,-1,-1
308,14,575,359,21,24,1,-1,-1,-1
308,15,556,345,17,26,1,-1,-1,-1
308,16,531,312,35,46,1,-1,-1,-1
308,17,585,304,16,15,1,-1,-1,-1
309,1,681,291,14,13,1,-1,-1,-1
309,12,557,445,23,32,1,-1,-1,-1
309,13,509,470,28,36,1,-1,-1,-1
309,14,577,362,20,24,1,-1,-1,-1
309,15,560,348,16,23,1,-1,-1,-1
309,16,531,316,36,48,1,-1,-1,-1
309,17,586,308,16,15,1,-1,-1,-1
310,1,684,291,14,13,1,-1,-1,-1
310,12,561,449,23,32,1,-1,-1,-1
310,13,512,476,30,36,1,-1,-1,-1
310,14,580,367,20,22,1,-1,-1,-1
310,15,561,351,16,23,1,-1,-1,-1
310,16,534,316,36,50,1,-1,-1,-1
310,17,589,310,16,15,1,-1,-1,-1
311,1,689,291,14,13,1,-1,-1,-1
311,12,562,455,23,32,1,-1,-1,-1
311,13,513,484,30,36,1,-1,-1,-1
311,14,582,372,20,22,1,-1,-1,-1
311,15,564,354,16,23,1,-1,-1,-1
311,16,535,320,36,48,1,-1,-1,-1
311,17,592,312,16,15,1,-1,-1,-1
312,1,694,291,14,13,1,-1,-1,-1
312,12,565,462,23,32,1,-1,-1,-1
312,13,514,493,28,36,1,-1,-1,-1
312,14,585,371,23,29,1,-1,-1,-1
312,15,568,358,16,23,1,-1,-1,-1
312,16,539,325,36,48,1,-1,-1,-1
312,17,595,316,16,15,1,-1,-1,-1
313,1,700,291,14,13,1,-1,-1,-1
313,12,569,468,23,32,1,-1,-1,-1
313,13,517,501,28,36,1,-1,-1,-1
313,14,589,377,23,27,1,-1,-1,-1
313,15,570,362,16,23,1,-1,-1,-1
313,16,542,325,39,52,1,-1,-1,-1
313,17,600,318,16,15,1,-1,-1,-1
314,1,706,293,14,13,1,-1,-1,-1
314,12,573,476,23,32,1,-1,-1,-1
314,13,519,509,28,30,1,-1,-1,-1
314,14,593,379,21,28,1,-1,-1,-1
314,15,574,364,16,23,1,-1,-1,-1
314,16,547,331,36,48,1,-1,-1,-1
314,17,604,320,16,15,1,-1,-1,-1
315,1,713,293,14,13,1,-1,-1,-1
315,12,577,480,24,38,1,-1,-1,-1
315,13,522,518,27,21,1,-1,-1,-1
315,14,598,384,22,29,1,-1,-1,-1
315,15,579,368,16,23,1,-1,-1,-1
315,16,549,333,39,52,1,-1,-1,-1
315,17,611,324,16,15,1,-1,-1,-1
316,1,722,293,14,13,1,-1,-1,-1
316,12,581,485,26,39,1,-1,-1,-1
316,13,530,526,27,13,1,-1,-1,-1
316,14,604,390,22,27,1,-1,-1,-1
316,15,584,370,18,29,1,-1,-1,-1
316,16,557,336,38,53,1,-1,-1,-1
316,17,616,327,15,15,1,-1,-1,-1
317,1,731,295,14,13,1,-1,-1,-1
317,12,588,493,26,38,1,-1,-1,-1
317,14,611,395,22,27,1,-1,-1,-1
317,15,591,374,18,28,1,-1,-1,-1
317,16,562,339,37,55,1,-1,-1,-1
317,17,623,327,18,17,1,-1,-1,-1
318,1,740,295,14,13,1,-1,-1,-1
318,12,596,501,26,38,1,-1,-1,-1
318,14,617,399,22,27,1,-1,-1,-1
318,15,598,378,18,28,1,-1,-1,-1
318,16,569,343,40,55,1,-1,-1,-1
318,17,629,328,20,19,1,-1,-1,-1
319,1,749,295,14,13,1,-1,-1,-1
319,12,599,509,31,30,1,-1,-1,-1
319,14,625,405,22,27,1,-1,-1,-1
319,15,604,381,20,28,1,-1,-1,-1
319,16,576,345,40,57,1,-1,-1,-1
319,17,638,333,18,18,1,-1,-1,-1
320,1,761,297,14,13,1,-1,-1,-1
320,12,607,516,26,23,1,-1,-1,-1
320,14,633,410,22,27,1,-1,-1,-1
320,15,612,385,18,28,1,-1,-1,-1
320,16,582,351,40,55,1,-1,-1,-1
320,17,646,337,18,17,1,-1,-1,-1
321,1,771,298,14,13,1,-1,-1,-1
321,12,615,520,24,19,1,-1,-1,-1
321,14,641,416,22,27,1,-1,-1,-1
321,15,620,389,23,30,1,-1,-1,-1
321,16,591,356,39,54,1,-1,-1,-1
321,17,654,343,14,15,1,-1,-1,-1
322,1,782,300,14,13,1,-1,-1,-1
322,14,650,420,22,27,1,-1,-1,-1
322,15,628,395,18,28,1,-1,-1,-1
322,16,599,360,37,52,1,-1,-1,-1
322,17,663,347,14,15,1,-1,-1,-1
323,1,795,300,14,13,1,-1,-1,-1
323,14,658,426,22,27,1,-1,-1,-1
323,15,637,399,21,28,1,-1,-1,-1
323,16,607,359,42,58,1,-1,-1,-1
323,17,672,350,18,15,1,-1,-1,-1
324,1,808,302,14,13,1,-1,-1,-1
324,14,667,433,22,27,1,-1,-1,-1
324,15,646,404,23,30,1,-1,-1,-1
324,16,616,370,37,52,1,-1,-1,-1
324,17,683,351,20,18,1,-1,-1,-1
325,1,821,304,14,13,1,-1,-1,-1
325,14,676,434,25,34,1,-1,-1,-1
325,15,655,410,23,29,1,-1,-1,-1
325,16,620,369,45,64,1,-1,-1,-1
325,17,693,353,20,20,1,-1,-1,-1
