1,2,482,249,216,96,1,-1,-1,-1
1,3,0,232,143,95,1,-1,-1,-1
1,4,378,115,185,104,1,-1,-1,-1
1,5,1124,263,213,93,1,-1,-1,-1
1,6,1300,359,240,114,1,-1,-1,-1
1,7,1610,293,248,111,1,-1,-1,-1
2,2,460,250,216,97,1,-1,-1,-1
2,3,0,232,117,95,1,-1,-1,-1
2,4,362,118,186,104,1,-1,-1,-1
2,5,1100,261,212,93,1,-1,-1,-1
2,6,1304,357,240,113,1,-1,-1,-1
2,7,1586,289,247,110,1,-1,-1,-1
3,2,438,252,216,97,1,-1,-1,-1
3,3,0,232,91,95,1,-1,-1,-1
3,4,347,121,187,104,1,-1,-1,-1
3,5,1076,259,212,93,1,-1,-1,-1
3,6,1308,355,240,113,1,-1,-1,-1
3,7,1562,285,246,110,1,-1,-1,-1
4,2,416,254,216,97,1,-1,-1,-1
4,4,331,124,188,104,1,-1,-1,-1
4,5,1052,257,211,93,1,-1,-1,-1
4,6,1312,353,240,113,1,-1,-1,-1
4,7,1538,281,245,109,1,-1,-1,-1
5,2,395,256,216,97,1,-1,-1,-1
5,4,316,127,189,105,1,-1,-1,-1
5,5,1029,255,210,93,1,-1,-1,-1
5,6,1316,352,241,112,1,-1,-1,-1
5,7,1515,277,244,109,1,-1,-1,-1
6,2,382,256,216,97,1,-1,-1,-1
6,4,306,129,190,105,1,-1,-1,-1
6,5,1014,254,209,93,1,-1,-1,-1
6,6,1329,353,242,112,1,-1,-1,-1
6,7,1501,276,242,109,1,-1,-1,-1
7,2,370,256,216,98,1,-1,-1,-1
7,4,296,131,191,105,1,-1,-1,-1
7,5,999,254,208,93,1,-1,-1,-1
7,6,1343,354,242,112,1,-1,-1,-1
7,7,1487,276,241,108,1,-1,-1,-1
8,2,358,257,216,98,1,-1,-1,-1
8,4,286,133,192,105,1,-1,-1,-1
8,5,984,254,208,93,1,-1,-1,-1
8,6,1357,356,242,111,1,-1,-1,-1
8,7,1473,275,240,109,1,-1,-1,-1
9,2,346,257,216,98,1,-1,-1,-1
9,4,276,136,194,104,1,-1,-1,-1
9,5,969,254,207,93,1,-1,-1,-1
9,6,1371,357,242,111,1,-1,-1,-1
9,7,1459,275,238,108,1,-1,-1,-1
10,2,334,258,216,98,1,-1,-1,-1
10,4,266,138,195,104,1,-1,-1,-1
10,5,955,253,206,94,1,-1,-1,-1
10,6,1385,358,242,111,1,-1,-1,-1
10,7,1445,274,237,108,1,-1,-1,-1
11,2,322,258,216,99,1,-1,-1,-1
11,4,256,140,196,104,1,-1,-1,-1
11,5,940,253,205,94,1,-1,-1,-1
11,6,1398,360,243,110,1,-1,-1,-1
11,7,1431,274,236,108,1,-1,-1,-1
12,2,310,259,216,98,1,-1,-1,-1
12,4,246,143,198,103,1,-1,-1,-1
12,5,925,253,205,94,1,-1,-1,-1
12,6,1412,361,243,110,1,-1,-1,-1
12,7,1417,273,234,108,1,-1,-1,-1
13,2,298,259,216,99,1,-1,-1,-1
13,4,237,143,199,103,1,-1,-1,-1
13,5,910,253,204,94,1,-1,-1,-1
13,6,1426,362,243,110,1,-1,-1,-1
13,7,1403,273,233,107,1,-1,-1,-1
14,2,286,260,216,99,1,-1,-1,-1
14,4,229,144,199,103,1,-1,-1,-1
14,5,896,253,203,94,1,-1,-1,-1
14,6,1440,364,243,109,1,-1,-1,-1
14,7,1389,273,232,107,1,-1,-1,-1
15,2,275,260,216,99,1,-1,-1,-1
15,4,221,145,199,103,1,-1,-1,-1
15,5,880,254,204,94,1,-1,-1,-1
15,6,1454,365,243,109,1,-1,-1,-1
15,7,1373,273,232,108,1,-1,-1,-1
16,2,264,260,217,99,1,-1,-1,-1
16,4,212,145,200,103,1,-1,-1,-1
16,5,865,254,204,94,1,-1,-1,-1
16,6,1468,366,243,109,1,-1,-1,-1
16,7,1358,273,232,109,1,-1,-1,-1
17,2,253,260,217,100,1,-1,-1,-1
17,4,204,146,200,103,1,-1,-1,-1
17,5,851,254,204,94,1,-1,-1,-1
17,6,1481,368,244,108,1,-1,-1,-1
17,7,1342,273,232,110,1,-1,-1,-1
18,2,242,260,218,100,1,-1,-1,-1
18,4,196,147,200,103,1,-1,-1,-1
18,5,837,254,204,94,1,-1,-1,-1
18,6,1495,369,244,108,1,-1,-1,-1
18,7,1327,274,232,110,1,-1,-1,-1
19,2,231,261,219,100,1,-1,-1,-1
19,4,188,148,201,103,1,-1,-1,-1
19,5,823,255,204,94,1,-1,-1,-1
19,6,1509,370,244,108,1,-1,-1,-1
19,7,1311,274,232,111,1,-1,-1,-1
20,2,220,261,220,100,1,-1,-1,-1
20,4,180,148,202,103,1,-1,-1,-1
20,5,808,255,204,94,1,-1,-1,-1
20,6,1523,372,244,107,1,-1,-1,-1
20,7,1295,274,232,112,1,-1,-1,-1
21,2,209,261,221,100,1,-1,-1,-1
21,4,173,149,202,103,1,-1,-1,-1
21,5,794,255,204,94,1,-1,-1,-1
21,6,1537,373,244,107,1,-1,-1,-1
21,7,1280,274,232,113,1,-1,-1,-1
22,2,199,261,221,100,1,-1,-1,-1
22,4,165,150,203,103,1,-1,-1,-1
22,5,780,255,204,95,1,-1,-1,-1
22,6,1551,375,245,106,1,-1,-1,-1
22,7,1264,274,232,114,1,-1,-1,-1
23,2,188,261,222,101,1,-1,-1,-1
23,4,158,151,203,102,1,-1,-1,-1
23,5,766,256,204,94,1,-1,-1,-1
23,6,1566,375,243,106,1,-1,-1,-1
23,7,1248,275,233,114,1,-1,-1,-1
23,33,466,65,145,108,1,-1,-1,-1
24,2,178,262,223,100,1,-1,-1,-1
24,4,151,151,203,103,1,-1,-1,-1
24,5,752,256,204,94,1,-1,-1,-1
24,6,1581,376,241,106,1,-1,-1,-1
24,7,1233,275,232,115,1,-1,-1,-1
24,33,459,68,147,107,1,-1,-1,-1
25,2,167,262,224,100,1,-1,-1,-1
25,4,143,152,204,103,1,-1,-1,-1
25,5,737,256,204,95,1,-1,-1,-1
25,6,1596,377,239,106,1,-1,-1,-1
25,7,1217,275,233,116,1,-1,-1,-1
25,33,452,71,149,107,1,-1,-1,-1
26,2,157,262,224,100,1,-1,-1,-1
26,4,136,153,204,102,1,-1,-1,-1
26,5,723,256,204,95,1,-1,-1,-1
26,6,1611,378,238,106,1,-1,-1,-1
26,7,1201,275,233,117,1,-1,-1,-1
26,33,446,74,151,107,1,-1,-1,-1
27,2,146,262,225,101,1,-1,-1,-1
27,4,128,154,205,102,1,-1,-1,-1
27,5,709,257,204,94,1,-1,-1,-1
27,6,1626,378,236,106,1,-1,-1,-1
27,7,1186,276,233,117,1,-1,-1,-1
27,33,439,77,153,107,1,-1,-1,-1
28,2,136,263,226,100,1,-1,-1,-1
28,4,121,155,205,102,1,-1,-1,-1
28,5,695,257,204,95,1,-1,-1,-1
28,6,1641,379,234,106,1,-1,-1,-1
28,7,1169,278,233,119,1,-1,-1,-1
28,33,432,80,155,107,1,-1,-1,-1
29,2,125,263,227,100,1,-1,-1,-1
29,4,114,155,205,102,1,-1,-1,-1
29,5,681,257,204,95,1,-1,-1,-1
29,6,1656,380,232,106,1,-1,-1,-1
29,7,1153,280,233,121,1,-1,-1,-1
29,33,426,83,157,107,1,-1,-1,-1
30,2,114,263,228,101,1,-1,-1,-1
30,4,106,156,206,102,1,-1,-1,-1
30,5,666,257,204,95,1,-1,-1,-1
30,6,1671,381,231,106,1,-1,-1,-1
30,7,1137,283,233,122,1,-1,-1,-1
30,33,419,86,159,107,1,-1,-1,-1
31,2,104,263,228,101,1,-1,-1,-1
31,4,99,157,206,102,1,-1,-1,-1
31,5,652,258,204,95,1,-1,-1,-1
31,6,1687,381,215,106,1,-1,-1,-1
31,7,1121,285,233,125,1,-1,-1,-1
31,33,413,89,161,107,1,-1,-1,-1
32,2,93,263,229,101,1,-1,-1,-1
32,4,91,158,207,102,1,-1,-1,-1
32,5,638,258,204,95,1,-1,-1,-1
32,6,1703,382,199,106,1,-1,-1,-1
32,7,1105,288,233,126,1,-1,-1,-1
32,33,405,91,163,108,1,-1,-1,-1
33,2,83,264,230,100,1,-1,-1,-1
33,4,84,158,207,102,1,-1,-1,-1
33,5,624,258,204,95,1,-1,-1,-1
33,6,1719,383,183,106,1,-1,-1,-1
33,7,1089,290,232,128,1,-1,-1,-1
33,33,398,94,164,108,1,-1,-1,-1
34,2,72,264,231,101,1,-1,-1,-1
34,4,77,159,207,102,1,-1,-1,-1
34,5,610,259,204,95,1,-1,-1,-1
34,6,1736,384,166,106,1,-1,-1,-1
34,7,1073,293,232,130,1,-1,-1,-1
34,33,390,96,166,109,1,-1,-1,-1
35,2,62,264,231,101,1,-1,-1,-1
35,4,69,160,208,102,1,-1,-1,-1
35,5,597,260,205,95,1,-1,-1,-1
35,6,1752,384,150,106,1,-1,-1,-1
35,7,1057,295,232,132,1,-1,-1,-1
35,33,383,99,168,109,1,-1,-1,-1
36,2,51,264,232,101,1,-1,-1,-1
36,4,62,161,208,101,1,-1,-1,-1
36,5,585,262,205,95,1,-1,-1,-1
36,6,1768,385,134,106,1,-1,-1,-1
36,7,1040,298,233,133,1,-1,-1,-1
36,33,375,102,170,109,1,-1,-1,-1
36,45,1564,282,228,106,1,-1,-1,-1
37,2,41,265,233,101,1,-1,-1,-1
37,4,54,162,209,101,1,-1,-1,-1
37,5,575,261,205,95,1,-1,-1,-1
37,6,1784,386,118,106,1,-1,-1,-1
37,7,1024,300,233,135,1,-1,-1,-1
37,33,368,104,171,110,1,-1,-1,-1
37,45,1548,282,227,107,1,-1,-1,-1
38,2,37,264,226,101,1,-1,-1,-1
38,4,47,162,209,102,1,-1,-1,-1
38,5,565,261,206,95,1,-1,-1,-1
38,7,1008,303,233,137,1,-1,-1,-1
38,33,360,107,174,110,1,-1,-1,-1
38,45,1532,283,227,107,1,-1,-1,-1
39,2,33,264,220,100,1,-1,-1,-1
39,4,40,163,209,101,1,-1,-1,-1
39,5,556,261,206,95,1,-1,-1,-1
39,7,992,305,232,139,1,-1,-1,-1
39,33,353,109,175,111,1,-1,-1,-1
39,45,1516,283,227,108,1,-1,-1,-1
40,2,29,264,213,100,1,-1,-1,-1
40,4,32,164,210,101,1,-1,-1,-1
40,5,546,261,206,95,1,-1,-1,-1
40,7,976,308,232,140,1,-1,-1,-1
40,33,345,112,177,111,1,-1,-1,-1
40,45,1500,284,226,108,1,-1,-1,-1
41,2,26,264,206,99,1,-1,-1,-1
41,4,25,165,210,101,1,-1,-1,-1
41,5,537,261,206,95,1,-1,-1,-1
41,7,960,310,232,143,1,-1,-1,-1
41,33,338,115,179,112,1,-1,-1,-1
41,45,1484,284,226,110,1,-1,-1,-1
42,2,22,264,199,98,1,-1,-1,-1
42,4,18,166,211,101,1,-1,-1,-1
42,5,527,261,207,95,1,-1,-1,-1
42,7,944,313,232,144,1,-1,-1,-1
42,33,331,117,180,112,1,-1,-1,-1
42,45,1468,285,226,110,1,-1,-1,-1
43,2,18,264,193,98,1,-1,-1,-1
43,4,15,166,208,101,1,-1,-1,-1
43,5,518,261,206,95,1,-1,-1,-1
43,7,928,315,232,146,1,-1,-1,-1
43,33,324,119,181,112,1,-1,-1,-1
43,45,1452,285,225,111,1,-1,-1,-1
44,2,14,264,186,97,1,-1,-1,-1
44,4,12,167,206,101,1,-1,-1,-1
44,5,508,261,207,95,1,-1,-1,-1
44,7,912,318,232,148,1,-1,-1,-1
44,33,317,121,182,112,1,-1,-1,-1
44,45,1436,286,225,111,1,-1,-1,-1
45,2,11,264,179,96,1,-1,-1,-1
45,4,10,168,203,101,1,-1,-1,-1
45,5,499,261,207,94,1,-1,-1,-1
45,7,896,324,232,150,1,-1,-1,-1
45,33,310,123,184,112,1,-1,-1,-1
45,45,1420,286,225,112,1,-1,-1,-1
46,2,7,264,172,96,1,-1,-1,-1
46,4,7,169,200,101,1,-1,-1,-1
46,5,489,261,207,94,1,-1,-1,-1
46,7,881,330,232,153,1,-1,-1,-1
46,33,303,126,185,111,1,-1,-1,-1
46,45,1405,287,224,113,1,-1,-1,-1
47,2,3,264,166,95,1,-1,-1,-1
47,4,5,170,197,101,1,-1,-1,-1
47,5,480,261,207,94,1,-1,-1,-1
47,7,866,336,232,156,1,-1,-1,-1
47,33,296,128,186,111,1,-1,-1,-1
47,45,1389,288,223,113,1,-1,-1,-1
48,2,0,264,159,95,1,-1,-1,-1
48,4,2,171,195,101,1,-1,-1,-1
48,5,470,261,208,94,1,-1,-1,-1
48,7,850,342,233,158,1,-1,-1,-1
48,33,290,130,187,111,1,-1,-1,-1
48,45,1373,288,223,114,1,-1,-1,-1
49,2,0,264,148,95,1,-1,-1,-1
49,4,0,172,192,101,1,-1,-1,-1
49,5,460,261,208,94,1,-1,-1,-1
49,7,835,348,232,161,1,-1,-1,-1
49,33,283,132,188,111,1,-1,-1,-1
49,45,1357,289,223,114,1,-1,-1,-1
50,2,0,264,137,95,1,-1,-1,-1
50,4,0,172,186,100,1,-1,-1,-1
50,5,451,261,208,94,1,-1,-1,-1
50,7,820,354,232,164,1,-1,-1,-1
50,33,276,135,189,110,1,-1,-1,-1
50,45,1341,289,222,115,1,-1,-1,-1
51,2,0,264,126,95,1,-1,-1,-1
51,4,0,172,181,100,1,-1,-1,-1
51,5,441,261,209,94,1,-1,-1,-1
51,7,805,360,232,166,1,-1,-1,-1
51,33,269,137,190,110,1,-1,-1,-1
51,45,1325,290,222,116,1,-1,-1,-1
52,2,0,265,115,95,1,-1,-1,-1
52,4,0,173,176,99,1,-1,-1,-1
52,5,432,261,208,94,1,-1,-1,-1
52,7,789,366,233,169,1,-1,-1,-1
52,33,262,139,192,110,1,-1,-1,-1
52,45,1309,290,222,117,1,-1,-1,-1
53,2,0,265,104,95,1,-1,-1,-1
53,4,0,173,171,99,1,-1,-1,-1
53,5,422,261,209,93,1,-1,-1,-1
53,7,774,372,233,172,1,-1,-1,-1
53,33,255,141,193,110,1,-1,-1,-1
53,45,1293,291,221,117,1,-1,-1,-1
54,2,0,265,93,95,1,-1,-1,-1
54,4,0,174,166,97,1,-1,-1,-1
54,5,413,261,209,93,1,-1,-1,-1
54,7,759,378,232,174,1,-1,-1,-1
54,33,248,144,194,109,1,-1,-1,-1
54,45,1277,291,221,118,1,-1,-1,-1
55,2,0,265,82,95,1,-1,-1,-1
55,4,0,174,160,97,1,-1,-1,-1
55,5,403,261,209,93,1,-1,-1,-1
55,7,743,384,233,177,1,-1,-1,-1
55,33,242,146,195,109,1,-1,-1,-1
55,45,1261,292,221,118,1,-1,-1,-1
56,4,0,175,155,96,1,-1,-1,-1
56,5,394,261,209,93,1,-1,-1,-1
56,7,728,390,233,180,1,-1,-1,-1
56,33,235,148,196,109,1,-1,-1,-1
56,45,1246,293,220,119,1,-1,-1,-1
57,4,0,175,150,96,1,-1,-1,-1
57,5,384,261,210,93,1,-1,-1,-1
57,7,713,396,233,182,1,-1,-1,-1
57,33,228,150,197,109,1,-1,-1,-1
57,45,1230,295,220,121,1,-1,-1,-1
58,4,0,176,145,94,1,-1,-1,-1
58,5,375,261,209,93,1,-1,-1,-1
58,7,698,402,232,185,1,-1,-1,-1
58,33,221,153,198,108,1,-1,-1,-1
58,45,1214,297,220,123,1,-1,-1,-1
59,4,0,176,140,94,1,-1,-1,-1
59,5,365,261,210,93,1,-1,-1,-1
59,7,682,408,233,188,1,-1,-1,-1
59,33,214,155,200,108,1,-1,-1,-1
59,45,1199,300,220,125,1,-1,-1,-1
60,4,0,177,135,93,1,-1,-1,-1
60,5,356,261,210,93,1,-1,-1,-1
60,7,667,414,233,190,1,-1,-1,-1
60,33,207,157,201,108,1,-1,-1,-1
60,45,1183,302,220,127,1,-1,-1,-1
61,4,0,177,129,93,1,-1,-1,-1
61,5,349,261,210,93,1,-1,-1,-1
61,7,652,420,233,193,1,-1,-1,-1
61,33,200,159,202,108,1,-1,-1,-1
61,45,1167,305,220,128,1,-1,-1,-1
62,4,0,178,124,91,1,-1,-1,-1
62,5,342,261,211,93,1,-1,-1,-1
62,7,637,426,233,196,1,-1,-1,-1
62,33,194,162,203,107,1,-1,-1,-1
62,45,1152,307,220,131,1,-1,-1,-1
63,4,0,178,119,91,1,-1,-1,-1
63,5,336,261,210,93,1,-1,-1,-1
63,7,622,437,233,202,1,-1,-1,-1
63,33,189,162,204,108,1,-1,-1,-1
63,45,1136,310,220,132,1,-1,-1,-1
64,4,0,179,114,90,1,-1,-1,-1
64,5,329,261,211,93,1,-1,-1,-1
64,7,608,448,233,208,1,-1,-1,-1
64,33,185,163,204,108,1,-1,-1,-1
64,45,1120,312,220,134,1,-1,-1,-1
65,4,0,179,109,90,1,-1,-1,-1
65,5,322,261,212,94,1,-1,-1,-1
65,7,594,460,233,214,1,-1,-1,-1
65,33,181,164,204,108,1,-1,-1,-1
65,45,1105,315,220,136,1,-1,-1,-1
66,4,0,180,104,89,1,-1,-1,-1
66,5,316,261,211,94,1,-1,-1,-1
66,7,579,471,233,220,1,-1,-1,-1
66,33,177,165,205,108,1,-1,-1,-1
66,45,1089,317,220,138,1,-1,-1,-1
67,4,0,179,99,89,1,-1,-1,-1
67,5,309,261,212,94,1,-1,-1,-1
67,7,565,482,233,227,1,-1,-1,-1
67,33,173,166,205,108,1,-1,-1,-1
67,45,1073,320,220,139,1,-1,-1,-1
68,4,0,179,94,89,1,-1,-1,-1
68,5,302,261,212,94,1,-1,-1,-1
68,7,551,494,233,232,1,-1,-1,-1
68,33,169,167,205,108,1,-1,-1,-1
68,45,1058,322,220,142,1,-1,-1,-1
69,4,0,179,89,89,1,-1,-1,-1
69,5,296,261,212,94,1,-1,-1,-1
69,7,536,505,233,239,1,-1,-1,-1
69,33,165,167,206,109,1,-1,-1,-1
69,45,1042,325,220,143,1,-1,-1,-1
69,46,1564,294,234,98,1,-1,-1,-1
70,4,0,179,84,89,1,-1,-1,-1
70,5,289,261,213,95,1,-1,-1,-1
70,7,522,516,233,245,1,-1,-1,-1
70,33,161,168,206,109,1,-1,-1,-1
70,45,1026,327,220,145,1,-1,-1,-1
70,46,1548,293,233,98,1,-1,-1,-1
71,4,0,179,79,89,1,-1,-1,-1
71,5,282,261,213,95,1,-1,-1,-1
71,7,508,528,233,251,1,-1,-1,-1
71,33,157,169,206,109,1,-1,-1,-1
71,45,1011,330,220,147,1,-1,-1,-1
71,46,1532,293,233,97,1,-1,-1,-1
72,4,0,179,74,89,1,-1,-1,-1
72,5,276,261,213,95,1,-1,-1,-1
72,7,494,545,233,257,1,-1,-1,-1
72,33,153,170,207,109,1,-1,-1,-1
72,45,995,335,220,149,1,-1,-1,-1
72,46,1514,292,232,97,1,-1,-1,-1
73,4,0,179,69,89,1,-1,-1,-1
73,5,269,261,213,95,1,-1,-1,-1
73,7,480,562,233,263,1,-1,-1,-1
73,33,149,171,207,109,1,-1,-1,-1
73,45,980,340,220,151,1,-1,-1,-1
73,46,1497,292,231,97,1,-1,-1,-1
74,4,0,179,64,89,1,-1,-1,-1
74,5,262,261,214,95,1,-1,-1,-1
74,7,466,579,233,269,1,-1,-1,-1
74,33,145,172,207,109,1,-1,-1,-1
74,45,964,346,220,153,1,-1,-1,-1
74,46,1479,292,230,96,1,-1,-1,-1
75,4,0,179,59,89,1,-1,-1,-1
75,5,256,262,214,95,1,-1,-1,-1
75,7,452,596,233,275,1,-1,-1,-1
75,33,141,173,208,109,1,-1,-1,-1
75,45,949,351,220,155,1,-1,-1,-1
75,46,1462,292,229,96,1,-1,-1,-1
76,4,0,179,54,89,1,-1,-1,-1
76,5,251,262,214,94,1,-1,-1,-1
76,7,438,614,233,281,1,-1,-1,-1
76,33,134,174,208,109,1,-1,-1,-1
76,45,933,356,220,157,1,-1,-1,-1
76,46,1444,292,228,95,1,-1,-1,-1
77,4,0,179,49,89,1,-1,-1,-1
77,5,246,262,214,94,1,-1,-1,-1
77,7,424,636,233,287,1,-1,-1,-1
77,33,127,175,208,109,1,-1,-1,-1
77,45,918,362,220,159,1,-1,-1,-1
77,46,1427,291,227,96,1,-1,-1,-1
78,4,0,179,44,89,1,-1,-1,-1
78,5,241,262,215,94,1,-1,-1,-1
78,7,410,659,233,293,1,-1,-1,-1
78,33,120,176,209,110,1,-1,-1,-1
78,45,901,368,220,161,1,-1,-1,-1
78,46,1409,291,226,95,1,-1,-1,-1
79,4,0,179,39,89,1,-1,-1,-1
79,5,237,262,214,94,1,-1,-1,-1
79,7,396,682,233,299,1,-1,-1,-1
79,33,113,177,209,110,1,-1,-1,-1
79,45,884,374,221,163,1,-1,-1,-1
79,46,1392,291,225,95,1,-1,-1,-1
79,49,5,363,258,102,1,-1,-1,-1
80,4,0,179,34,89,1,-1,-1,-1
80,5,232,262,215,94,1,-1,-1,-1
80,7,382,704,233,305,1,-1,-1,-1
80,33,106,179,210,110,1,-1,-1,-1
80,45,867,380,221,165,1,-1,-1,-1
80,46,1374,291,224,94,1,-1,-1,-1
80,49,18,361,257,102,1,-1,-1,-1
81,4,0,179,29,89,1,-1,-1,-1
81,5,227,262,215,94,1,-1,-1,-1
81,7,368,727,233,311,1,-1,-1,-1
81,33,99,180,210,110,1,-1,-1,-1
81,45,851,386,221,168,1,-1,-1,-1
81,46,1357,291,223,94,1,-1,-1,-1
81,49,31,359,257,103,1,-1,-1,-1
82,4,0,179,24,89,1,-1,-1,-1
82,5,223,262,215,94,1,-1,-1,-1
82,7,354,750,233,317,1,-1,-1,-1
82,33,92,181,211,110,1,-1,-1,-1
82,45,835,393,221,171,1,-1,-1,-1
82,46,1338,290,222,93,1,-1,-1,-1
82,49,45,357,256,104,1,-1,-1,-1
83,4,0,179,19,89,1,-1,-1,-1
83,5,218,262,215,94,1,-1,-1,-1
83,7,340,777,233,291,1,-1,-1,-1
83,33,85,182,211,111,1,-1,-1,-1
83,45,820,401,221,174,1,-1,-1,-1
83,46,1319,289,222,93,1,-1,-1,-1
83,49,58,355,256,104,1,-1,-1,-1
84,4,0,179,14,89,1,-1,-1,-1
84,5,213,262,215,94,1,-1,-1,-1
84,7,327,805,233,265,1,-1,-1,-1
84,33,78,183,212,111,1,-1,-1,-1
84,45,804,409,222,177,1,-1,-1,-1
84,46,1300,288,221,93,1,-1,-1,-1
84,49,71,353,256,105,1,-1,-1,-1
85,4,0,179,9,89,1,-1,-1,-1
85,5,209,262,215,94,1,-1,-1,-1
85,7,313,836,233,234,1,-1,-1,-1
85,33,71,185,212,111,1,-1,-1,-1
85,45,789,417,222,180,1,-1,-1,-1
85,46,1282,287,220,93,1,-1,-1,-1
85,49,85,351,254,106,1,-1,-1,-1
86,5,204,262,215,94,1,-1,-1,-1
86,7,300,868,233,202,1,-1,-1,-1
86,33,64,186,213,111,1,-1,-1,-1
86,45,773,425,223,182,1,-1,-1,-1
86,46,1263,286,219,92,1,-1,-1,-1
86,49,98,349,254,106,1,-1,-1,-1
87,5,199,262,216,94,1,-1,-1,-1
87,7,286,899,233,171,1,-1,-1,-1
87,33,57,187,213,111,1,-1,-1,-1
87,45,758,433,223,185,1,-1,-1,-1
87,46,1244,285,219,92,1,-1,-1,-1
87,49,111,347,254,107,1,-1,-1,-1
88,5,195,262,215,94,1,-1,-1,-1
88,33,50,188,214,112,1,-1,-1,-1
88,45,742,441,224,188,1,-1,-1,-1
88,46,1225,284,218,92,1,-1,-1,-1
88,47,1172,765,147,293,1,-1,-1,-1
88,49,125,345,253,108,1,-1,-1,-1
89,5,190,262,216,94,1,-1,-1,-1
89,33,43,189,214,112,1,-1,-1,-1
89,45,727,449,224,191,1,-1,-1,-1
89,46,1207,283,217,92,1,-1,-1,-1
89,47,1172,753,148,290,1,-1,-1,-1
89,49,138,343,253,109,1,-1,-1,-1
90,5,185,262,216,94,1,-1,-1,-1
90,33,36,191,215,112,1,-1,-1,-1
90,45,711,457,225,193,1,-1,-1,-1
90,46,1191,282,217,92,1,-1,-1,-1
90,47,1172,742,149,287,1,-1,-1,-1
90,49,151,341,253,109,1,-1,-1,-1
91,5,181,263,216,93,1,-1,-1,-1
91,33,30,193,212,112,1,-1,-1,-1
91,45,696,465,225,196,1,-1,-1,-1
91,46,1176,282,217,92,1,-1,-1,-1
91,47,1173,731,149,283,1,-1,-1,-1
91,49,165,339,251,110,1,-1,-1,-1
92,5,176,262,216,93,1,-1,-1,-1
92,33,24,196,210,112,1,-1,-1,-1
92,45,680,473,226,199,1,-1,-1,-1
92,46,1161,282,217,91,1,-1,-1,-1
92,47,1173,720,150,280,1,-1,-1,-1
92,49,178,337,251,111,1,-1,-1,-1
93,5,171,262,216,93,1,-1,-1,-1
93,33,18,198,208,112,1,-1,-1,-1
93,45,665,481,226,202,1,-1,-1,-1
93,46,1146,281,217,92,1,-1,-1,-1
93,47,1174,709,150,276,1,-1,-1,-1
93,49,191,335,251,111,1,-1,-1,-1
94,5,166,262,216,93,1,-1,-1,-1
94,33,12,201,205,112,1,-1,-1,-1
94,45,650,489,226,205,1,-1,-1,-1
94,46,1131,281,217,91,1,-1,-1,-1
94,47,1174,698,151,273,1,-1,-1,-1
94,49,205,333,250,112,1,-1,-1,-1
95,5,161,262,217,93,1,-1,-1,-1
95,33,6,203,203,112,1,-1,-1,-1
95,45,634,501,228,210,1,-1,-1,-1
95,46,1116,281,217,91,1,-1,-1,-1
95,47,1175,687,152,269,1,-1,-1,-1
95,49,218,331,250,113,1,-1,-1,-1
96,5,156,262,217,93,1,-1,-1,-1
96,33,0,206,201,112,1,-1,-1,-1
96,45,618,513,230,216,1,-1,-1,-1
96,46,1101,280,217,91,1,-1,-1,-1
96,47,1175,676,153,266,1,-1,-1,-1
96,49,232,330,249,113,1,-1,-1,-1
97,5,152,262,216,93,1,-1,-1,-1
97,33,0,207,188,111,1,-1,-1,-1
97,45,603,525,231,222,1,-1,-1,-1
97,46,1086,280,217,91,1,-1,-1,-1
97,47,1176,665,153,262,1,-1,-1,-1
97,49,246,325,246,113,1,-1,-1,-1
98,5,147,262,217,93,1,-1,-1,-1
98,33,0,209,175,109,1,-1,-1,-1
98,45,587,537,233,227,1,-1,-1,-1
98,46,1071,280,217,90,1,-1,-1,-1
98,47,1176,654,154,259,1,-1,-1,-1
98,49,260,320,244,113,1,-1,-1,-1
99,5,142,262,217,93,1,-1,-1,-1
99,33,0,211,163,107,1,-1,-1,-1
99,45,572,549,234,233,1,-1,-1,-1
99,46,1056,280,217,90,1,-1,-1,-1
99,47,1177,643,154,255,1,-1,-1,-1
99,49,274,315,242,114,1,-1,-1,-1
100,5,137,262,217,93,1,-1,-1,-1
100,33,0,213,150,105,1,-1,-1,-1
100,45,556,561,236,239,1,-1,-1,-1
100,46,1041,279,217,90,1,-1,-1,-1
100,47,1177,632,155,252,1,-1,-1,-1
100,49,289,310,239,114,1,-1,-1,-1
101,5,132,262,218,93,1,-1,-1,-1
101,33,0,215,137,103,1,-1,-1,-1
101,45,541,574,237,244,1,-1,-1,-1
101,46,1026,279,217,90,1,-1,-1,-1
101,47,1178,621,156,249,1,-1,-1,-1
101,49,303,305,237,115,1,-1,-1,-1
102,5,127,262,218,93,1,-1,-1,-1
102,33,0,217,125,101,1,-1,-1,-1
102,45,523,591,239,249,1,-1,-1,-1
102,46,1011,279,217,89,1,-1,-1,-1
102,47,1180,614,157,245,1,-1,-1,-1
102,49,317,301,234,114,1,-1,-1,-1
103,5,123,262,217,93,1,-1,-1,-1
103,33,0,217,111,101,1,-1,-1,-1
103,45,506,608,240,255,1,-1,-1,-1
103,46,996,278,217,90,1,-1,-1,-1
103,47,1183,607,157,242,1,-1,-1,-1
103,49,331,296,232,115,1,-1,-1,-1
104,5,118,262,217,93,1,-1,-1,-1
104,33,0,217,98,101,1,-1,-1,-1
104,45,489,625,242,260,1,-1,-1,-1
104,46,981,278,217,89,1,-1,-1,-1
104,47,1185,600,159,238,1,-1,-1,-1
104,49,346,291,229,115,1,-1,-1,-1
105,5,113,262,218,93,1,-1,-1,-1
105,33,0,218,84,101,1,-1,-1,-1
105,45,472,642,243,266,1,-1,-1,-1
105,46,966,278,217,89,1,-1,-1,-1
105,47,1188,593,159,235,1,-1,-1,-1
105,48,1615,220,201,84,1,-1,-1,-1
105,49,360,286,227,115,1,-1,-1,-1
106,5,108,262,218,93,1,-1,-1,-1
106,33,0,218,71,101,1,-1,-1,-1
106,45,455,660,245,271,1,-1,-1,-1
106,46,951,278,217,89,1,-1,-1,-1
106,47,1191,586,160,232,1,-1,-1,-1
106,48,1598,219,200,84,1,-1,-1,-1
106,49,374,281,225,116,1,-1,-1,-1
107,5,103,262,218,93,1,-1,-1,-1
107,33,0,219,57,101,1,-1,-1,-1
107,45,438,679,246,276,1,-1,-1,-1
107,46,939,277,217,90,1,-1,-1,-1
107,47,1193,579,161,228,1,-1,-1,-1
107,48,1581,218,199,84,1,-1,-1,-1
107,49,388,277,222,115,1,-1,-1,-1
108,5,98,262,219,93,1,-1,-1,-1
108,33,0,219,44,101,1,-1,-1,-1
108,45,421,698,247,282,1,-1,-1,-1
108,46,927,277,218,90,1,-1,-1,-1
108,47,1196,572,162,225,1,-1,-1,-1
108,48,1564,217,198,84,1,-1,-1,-1
108,49,403,272,219,116,1,-1,-1,-1
109,5,94,262,218,93,1,-1,-1,-1
109,33,0,220,30,101,1,-1,-1,-1
109,45,405,717,248,288,1,-1,-1,-1
109,46,916,277,217,90,1,-1,-1,-1
109,47,1199,565,162,222,1,-1,-1,-1
109,48,1547,217,197,84,1,-1,-1,-1
109,49,417,267,217,116,1,-1,-1,-1
110,5,89,262,218,93,1,-1,-1,-1
110,33,0,220,17,101,1,-1,-1,-1
110,45,388,736,249,294,1,-1,-1,-1
110,46,904,276,218,91,1,-1,-1,-1
110,47,1201,558,164,218,1,-1,-1,-1
110,48,1530,216,196,84,1,-1,-1,-1
110,49,431,262,215,117,1,-1,-1,-1
111,5,84,262,219,93,1,-1,-1,-1
111,45,372,755,250,300,1,-1,-1,-1
111,46,892,276,218,91,1,-1,-1,-1
111,47,1204,551,164,215,1,-1,-1,-1
111,48,1513,215,196,84,1,-1,-1,-1
111,49,445,257,213,117,1,-1,-1,-1
112,5,79,262,219,93,1,-1,-1,-1
112,45,356,779,250,290,1,-1,-1,-1
112,46,881,276,218,92,1,-1,-1,-1
112,47,1207,544,165,212,1,-1,-1,-1
112,48,1496,214,195,84,1,-1,-1,-1
112,49,460,253,210,117,1,-1,-1,-1
112,50,0,361,245,114,1,-1,-1,-1
113,5,74,262,219,93,1,-1,-1,-1
113,45,345,803,246,265,1,-1,-1,-1
113,46,869,276,218,92,1,-1,-1,-1
113,47,1210,538,168,209,1,-1,-1,-1
113,48,1479,214,194,84,1,-1,-1,-1
113,49,473,247,207,116,1,-1,-1,-1
113,50,13,361,245,114,1,-1,-1,-1
114,5,69,262,219,93,1,-1,-1,-1
114,45,335,828,241,240,1,-1,-1,-1
114,46,858,276,218,92,1,-1,-1,-1
114,47,1214,532,170,207,1,-1,-1,-1
114,48,1462,213,193,84,1,-1,-1,-1
114,49,486,241,204,115,1,-1,-1,-1
114,50,27,362,245,114,1,-1,-1,-1
115,5,65,262,219,93,1,-1,-1,-1
115,45,324,852,237,216,1,-1,-1,-1
115,46,846,276,218,92,1,-1,-1,-1
115,47,1217,526,174,205,1,-1,-1,-1
115,48,1445,212,192,84,1,-1,-1,-1
115,49,500,235,201,114,1,-1,-1,-1
115,50,41,363,245,114,1,-1,-1,-1
116,5,60,262,219,93,1,-1,-1,-1
116,45,314,877,233,191,1,-1,-1,-1
116,46,835,276,218,92,1,-1,-1,-1
116,47,1221,520,176,202,1,-1,-1,-1
116,48,1428,211,191,84,1,-1,-1,-1
116,49,513,229,198,113,1,-1,-1,-1
116,50,55,364,245,114,1,-1,-1,-1
117,5,55,262,219,93,1,-1,-1,-1
117,45,296,907,233,161,1,-1,-1,-1
117,46,823,276,218,92,1,-1,-1,-1
117,47,1224,514,180,200,1,-1,-1,-1
117,48,1411,211,191,84,1,-1,-1,-1
117,49,526,223,196,113,1,-1,-1,-1
117,50,69,365,245,114,1,-1,-1,-1
118,5,50,262,220,93,1,-1,-1,-1
118,45,279,938,233,130,1,-1,-1,-1
118,46,812,276,218,92,1,-1,-1,-1
118,47,1228,508,182,198,1,-1,-1,-1
118,48,1395,209,191,84,1,-1,-1,-1
118,49,540,217,192,112,1,-1,-1,-1
118,50,83,365,245,114,1,-1,-1,-1
119,5,45,262,220,93,1,-1,-1,-1
119,45,262,969,233,100,1,-1,-1,-1
119,46,801,276,218,92,1,-1,-1,-1
119,47,1231,502,186,195,1,-1,-1,-1
119,48,1380,208,190,84,1,-1,-1,-1
119,49,553,211,190,111,1,-1,-1,-1
119,50,97,366,245,114,1,-1,-1,-1
120,5,40,262,220,93,1,-1,-1,-1
120,45,245,999,233,70,1,-1,-1,-1
120,46,789,276,218,92,1,-1,-1,-1
120,47,1235,496,188,193,1,-1,-1,-1
120,48,1364,206,190,85,1,-1,-1,-1
120,49,566,205,187,110,1,-1,-1,-1
120,50,111,367,245,114,1,-1,-1,-1
121,5,36,262,220,93,1,-1,-1,-1
121,45,228,1030,233,39,1,-1,-1,-1
121,46,778,276,218,92,1,-1,-1,-1
121,47,1239,491,191,190,1,-1,-1,-1
121,48,1349,205,190,85,1,-1,-1,-1
121,49,580,200,184,109,1,-1,-1,-1
121,50,125,368,245,114,1,-1,-1,-1
122,5,32,261,216,93,1,-1,-1,-1
122,46,766,276,218,92,1,-1,-1,-1
122,47,1244,486,194,188,1,-1,-1,-1
122,48,1336,204,189,85,1,-1,-1,-1
122,49,590,194,181,108,1,-1,-1,-1
122,50,139,369,245,114,1,-1,-1,-1
123,5,28,261,213,93,1,-1,-1,-1
123,46,755,276,218,92,1,-1,-1,-1
123,47,1250,482,197,185,1,-1,-1,-1
123,48,1323,203,189,85,1,-1,-1,-1
123,49,601,188,177,107,1,-1,-1,-1
123,50,153,370,245,114,1,-1,-1,-1
124,5,24,261,209,93,1,-1,-1,-1
124,46,743,276,218,92,1,-1,-1,-1
124,47,1256,478,200,182,1,-1,-1,-1
124,48,1310,202,189,85,1,-1,-1,-1
124,49,611,182,174,107,1,-1,-1,-1
124,50,165,370,245,114,1,-1,-1,-1
125,5,20,261,206,93,1,-1,-1,-1
125,46,732,276,218,92,1,-1,-1,-1
125,47,1262,474,203,179,1,-1,-1,-1
125,48,1297,201,189,86,1,-1,-1,-1
125,49,622,176,170,106,1,-1,-1,-1
125,50,178,370,244,114,1,-1,-1,-1
126,5,16,261,202,93,1,-1,-1,-1
126,46,721,276,218,92,1,-1,-1,-1
126,47,1268,470,206,176,1,-1,-1,-1
126,48,1285,200,188,86,1,-1,-1,-1
126,49,632,171,168,105,1,-1,-1,-1
126,50,191,370,243,114,1,-1,-1,-1
127,5,12,261,199,93,1,-1,-1,-1
127,46,709,276,218,92,1,-1,-1,-1
127,47,1274,466,209,173,1,-1,-1,-1
127,48,1272,199,187,86,1,-1,-1,-1
127,49,643,165,164,104,1,-1,-1,-1
127,50,204,370,242,114,1,-1,-1,-1
128,5,8,261,195,93,1,-1,-1,-1
128,46,698,276,218,92,1,-1,-1,-1
128,47,1280,462,212,170,1,-1,-1,-1
128,48,1259,198,187,87,1,-1,-1,-1
128,49,653,159,161,103,1,-1,-1,-1
128,50,216,370,242,114,1,-1,-1,-1
129,5,4,261,192,93,1,-1,-1,-1
129,46,686,276,218,92,1,-1,-1,-1
129,47,1286,459,213,168,1,-1,-1,-1
129,48,1246,197,187,87,1,-1,-1,-1
129,49,664,153,157,103,1,-1,-1,-1
129,50,229,371,241,113,1,-1,-1,-1
130,5,0,261,189,93,1,-1,-1,-1
130,46,675,276,218,92,1,-1,-1,-1
130,47,1292,457,215,165,1,-1,-1,-1
130,48,1233,196,187,87,1,-1,-1,-1
130,49,674,147,154,102,1,-1,-1,-1
130,50,242,371,240,113,1,-1,-1,-1
131,5,0,261,178,93,1,-1,-1,-1
131,46,663,276,218,92,1,-1,-1,-1
131,47,1299,455,215,162,1,-1,-1,-1
131,48,1221,195,186,88,1,-1,-1,-1
131,49,685,142,151,101,1,-1,-1,-1
131,50,255,371,239,114,1,-1,-1,-1
132,5,0,261,168,93,1,-1,-1,-1
132,46,652,276,218,92,1,-1,-1,-1
132,47,1305,453,217,159,1,-1,-1,-1
132,48,1210,193,186,88,1,-1,-1,-1
132,49,691,135,148,101,1,-1,-1,-1
132,50,267,371,239,114,1,-1,-1,-1
133,5,0,261,158,93,1,-1,-1,-1
133,46,641,276,218,92,1,-1,-1,-1
133,47,1312,451,217,156,1,-1,-1,-1
133,48,1199,191,186,89,1,-1,-1,-1
133,49,698,129,145,100,1,-1,-1,-1
133,50,280,371,238,114,1,-1,-1,-1
134,5,0,261,148,93,1,-1,-1,-1
134,46,629,276,218,92,1,-1,-1,-1
134,47,1318,449,219,154,1,-1,-1,-1
134,48,1188,190,186,88,1,-1,-1,-1
134,49,705,123,141,99,1,-1,-1,-1
134,50,293,372,237,113,1,-1,-1,-1
135,5,0,261,138,93,1,-1,-1,-1
135,46,618,276,218,92,1,-1,-1,-1
135,47,1324,446,221,152,1,-1,-1,-1
135,48,1177,188,186,89,1,-1,-1,-1
135,49,712,117,138,98,1,-1,-1,-1
135,50,306,372,236,113,1,-1,-1,-1
136,5,0,261,127,93,1,-1,-1,-1
136,46,606,276,218,92,1,-1,-1,-1
136,47,1331,444,221,149,1,-1,-1,-1
136,48,1167,187,185,89,1,-1,-1,-1
136,49,719,110,134,98,1,-1,-1,-1
136,50,318,372,236,113,1,-1,-1,-1
137,5,0,261,117,93,1,-1,-1,-1
137,46,595,276,218,92,1,-1,-1,-1
137,47,1337,442,223,146,1,-1,-1,-1
137,48,1160,185,184,89,1,-1,-1,-1
137,49,725,104,132,97,1,-1,-1,-1
137,50,331,372,235,113,1,-1,-1,-1
138,5,0,261,107,93,1,-1,-1,-1
138,46,583,276,218,92,1,-1,-1,-1
138,47,1344,440,223,143,1,-1,-1,-1
138,48,1153,184,184,89,1,-1,-1,-1
138,49,732,98,128,96,1,-1,-1,-1
138,50,344,372,234,113,1,-1,-1,-1
139,5,0,261,97,93,1,-1,-1,-1
139,46,572,276,218,92,1,-1,-1,-1
139,47,1350,438,225,140,1,-1,-1,-1
139,48,1146,183,184,89,1,-1,-1,-1
139,49,739,92,125,95,1,-1,-1,-1
139,50,357,373,234,113,1,-1,-1,-1
140,46,561,276,218,92,1,-1,-1,-1
140,47,1357,436,226,138,1,-1,-1,-1
140,48,1139,181,183,89,1,-1,-1,-1
140,49,746,85,121,96,1,-1,-1,-1
140,50,365,373,234,113,1,-1,-1,-1
141,46,548,275,218,92,1,-1,-1,-1
141,47,1367,434,226,137,1,-1,-1,-1
141,48,1132,180,183,89,1,-1,-1,-1
141,49,753,79,118,95,1,-1,-1,-1
141,50,374,374,234,112,1,-1,-1,-1
142,46,536,275,218,92,1,-1,-1,-1
142,47,1377,432,227,136,1,-1,-1,-1
142,48,1125,179,183,89,1,-1,-1,-1
142,49,760,73,114,94,1,-1,-1,-1
142,50,382,375,234,112,1,-1,-1,-1
143,46,523,275,219,92,1,-1,-1,-1
143,47,1387,430,228,136,1,-1,-1,-1
143,48,1118,177,182,89,1,-1,-1,-1
143,49,766,67,112,93,1,-1,-1,-1
143,50,391,375,234,112,1,-1,-1,-1
144,46,511,275,219,92,1,-1,-1,-1
144,47,1397,428,229,135,1,-1,-1,-1
144,48,1112,176,181,89,1,-1,-1,-1
144,49,773,60,108,93,1,-1,-1,-1
144,50,400,376,234,111,1,-1,-1,-1
145,46,498,275,220,92,1,-1,-1,-1
145,47,1407,427,229,133,1,-1,-1,-1
145,48,1105,175,181,89,1,-1,-1,-1
145,49,780,54,105,92,1,-1,-1,-1
145,50,408,377,234,111,1,-1,-1,-1
146,46,486,275,220,92,1,-1,-1,-1
146,47,1417,425,230,133,1,-1,-1,-1
146,48,1098,173,180,89,1,-1,-1,-1
146,49,787,48,101,91,1,-1,-1,-1
146,50,417,377,234,111,1,-1,-1,-1
147,46,473,275,221,92,1,-1,-1,-1
147,47,1428,423,230,132,1,-1,-1,-1
147,48,1091,172,180,89,1,-1,-1,-1
147,49,794,42,98,90,1,-1,-1,-1
147,50,426,378,234,110,1,-1,-1,-1
148,46,461,274,221,93,1,-1,-1,-1
148,47,1438,421,231,131,1,-1,-1,-1
148,48,1084,171,180,89,1,-1,-1,-1
148,49,801,36,95,90,1,-1,-1,-1
148,50,434,379,234,110,1,-1,-1,-1
149,46,448,274,222,93,1,-1,-1,-1
149,47,1448,420,231,130,1,-1,-1,-1
149,48,1077,169,179,89,1,-1,-1,-1
149,49,803,33,94,86,1,-1,-1,-1
149,50,443,379,234,110,1,-1,-1,-1
150,46,436,274,222,93,1,-1,-1,-1
150,47,1458,418,232,129,1,-1,-1,-1
150,48,1070,168,179,89,1,-1,-1,-1
150,49,806,30,93,83,1,-1,-1,-1
150,50,451,380,234,109,1,-1,-1,-1
151,46,424,274,222,93,1,-1,-1,-1
151,47,1468,416,233,128,1,-1,-1,-1
151,48,1064,167,178,89,1,-1,-1,-1
151,49,809,27,91,80,1,-1,-1,-1
151,50,460,381,234,109,1,-1,-1,-1
152,46,411,274,223,93,1,-1,-1,-1
152,47,1478,414,234,128,1,-1,-1,-1
152,48,1060,165,177,89,1,-1,-1,-1
152,49,812,24,90,76,1,-1,-1,-1
152,50,469,381,234,109,1,-1,-1,-1
153,46,399,274,223,93,1,-1,-1,-1
153,47,1488,413,234,126,1,-1,-1,-1
153,48,1057,164,176,89,1,-1,-1,-1
153,49,815,21,88,73,1,-1,-1,-1
153,50,477,382,234,108,1,-1,-1,-1
154,46,386,274,224,93,1,-1,-1,-1
154,47,1499,411,234,125,1,-1,-1,-1
154,48,1054,163,175,89,1,-1,-1,-1
154,49,818,18,87,70,1,-1,-1,-1
154,50,486,383,234,108,1,-1,-1,-1
155,46,374,273,224,94,1,-1,-1,-1
155,47,1509,409,235,125,1,-1,-1,-1
155,48,1050,162,175,89,1,-1,-1,-1
155,49,820,15,86,66,1,-1,-1,-1
155,50,495,383,234,108,1,-1,-1,-1
156,46,361,273,225,94,1,-1,-1,-1
156,47,1519,407,236,124,1,-1,-1,-1
156,48,1047,161,174,89,1,-1,-1,-1
156,49,823,12,85,63,1,-1,-1,-1
156,50,503,384,234,107,1,-1,-1,-1
157,46,349,273,225,94,1,-1,-1,-1
157,47,1529,406,236,122,1,-1,-1,-1
157,48,1044,160,173,89,1,-1,-1,-1
157,49,826,9,83,60,1,-1,-1,-1
157,50,512,385,234,107,1,-1,-1,-1
158,46,336,273,226,94,1,-1,-1,-1
158,47,1539,404,237,122,1,-1,-1,-1
158,48,1040,159,173,89,1,-1,-1,-1
158,49,829,6,82,56,1,-1,-1,-1
158,50,520,385,234,107,1,-1,-1,-1
159,46,324,273,226,94,1,-1,-1,-1
159,47,1549,402,238,121,1,-1,-1,-1
159,48,1037,158,173,89,1,-1,-1,-1
159,49,832,3,80,53,1,-1,-1,-1
159,50,529,386,234,106,1,-1,-1,-1
160,46,311,273,227,94,1,-1,-1,-1
160,47,1559,400,239,120,1,-1,-1,-1
160,48,1034,157,173,89,1,-1,-1,-1
160,49,835,0,79,50,1,-1,-1,-1
160,50,538,387,234,106,1,-1,-1,-1
161,46,299,273,227,94,1,-1,-1,-1
161,47,1570,399,239,119,1,-1,-1,-1
161,48,1031,156,173,89,1,-1,-1,-1
161,49,826,0,79,44,1,-1,-1,-1
161,50,546,387,234,106,1,-1,-1,-1
162,46,287,273,227,94,1,-1,-1,-1
162,47,1580,395,239,119,1,-1,-1,-1
162,48,1028,156,173,89,1,-1,-1,-1
162,49,817,0,79,39,1,-1,-1,-1
162,50,555,388,234,105,1,-1,-1,-1
163,46,271,273,227,94,1,-1,-1,-1
163,47,1590,391,239,119,1,-1,-1,-1
163,48,1016,154,172,89,1,-1,-1,-1
163,49,809,0,79,34,1,-1,-1,-1
163,50,564,389,234,105,1,-1,-1,-1
164,46,255,273,227,94,1,-1,-1,-1
164,47,1600,387,239,119,1,-1,-1,-1
164,48,1004,152,172,89,1,-1,-1,-1
164,49,800,0,79,29,1,-1,-1,-1
164,50,565,390,234,105,1,-1,-1,-1
165,46,239,274,228,94,1,-1,-1,-1
165,47,1610,384,239,119,1,-1,-1,-1
165,48,992,150,171,89,1,-1,-1,-1
165,49,791,0,79,24,1,-1,-1,-1
165,50,566,391,234,105,1,-1,-1,-1
166,46,209,277,229,94,1,-1,-1,-1
166,47,1609,379,239,119,1,-1,-1,-1
166,48,980,148,171,89,1,-1,-1,-1
166,49,783,0,79,19,1,-1,-1,-1
166,50,567,392,234,105,1,-1,-1,-1
167,46,180,280,230,94,1,-1,-1,-1
167,47,1608,374,239,119,1,-1,-1,-1
167,48,968,146,171,89,1,-1,-1,-1
167,49,774,0,79,14,1,-1,-1,-1
167,50,569,393,233,106,1,-1,-1,-1
168,46,151,283,230,95,1,-1,-1,-1
168,47,1607,369,239,119,1,-1,-1,-1
168,48,956,144,170,89,1,-1,-1,-1
168,49,765,0,79,9,1,-1,-1,-1
168,50,570,394,233,106,1,-1,-1,-1
169,46,122,286,231,95,1,-1,-1,-1
169,47,1606,364,239,119,1,-1,-1,-1
169,48,944,142,170,89,1,-1,-1,-1
169,50,571,395,233,106,1,-1,-1,-1
170,46,93,290,232,95,1,-1,-1,-1
170,47,1606,359,239,119,1,-1,-1,-1
170,48,933,140,169,89,1,-1,-1,-1
170,50,573,396,233,107,1,-1,-1,-1
171,46,75,292,232,95,1,-1,-1,-1
171,47,1619,355,237,118,1,-1,-1,-1
171,48,931,139,169,89,1,-1,-1,-1
171,50,584,398,233,107,1,-1,-1,-1
172,46,57,294,233,95,1,-1,-1,-1
172,47,1632,351,235,117,1,-1,-1,-1
172,48,930,138,168,89,1,-1,-1,-1
172,50,595,397,233,108,1,-1,-1,-1
173,46,40,296,232,95,1,-1,-1,-1
173,47,1645,348,233,115,1,-1,-1,-1
173,48,928,137,168,89,1,-1,-1,-1
173,50,607,397,233,108,1,-1,-1,-1
174,46,22,298,233,95,1,-1,-1,-1
174,47,1658,344,231,114,1,-1,-1,-1
174,48,927,136,167,89,1,-1,-1,-1
174,50,619,397,233,108,1,-1,-1,-1
175,46,5,300,233,95,1,-1,-1,-1
175,47,1672,341,228,113,1,-1,-1,-1
175,48,926,136,167,89,1,-1,-1,-1
175,50,631,397,233,108,1,-1,-1,-1
176,46,0,303,202,95,1,-1,-1,-1
176,47,1657,330,226,112,1,-1,-1,-1
176,48,905,135,167,89,1,-1,-1,-1
176,50,627,399,233,109,1,-1,-1,-1
177,46,0,313,161,95,1,-1,-1,-1
177,47,1643,320,223,111,1,-1,-1,-1
177,48,885,134,166,89,1,-1,-1,-1
177,50,623,401,234,111,1,-1,-1,-1
178,46,0,323,121,95,1,-1,-1,-1
178,47,1628,310,221,109,1,-1,-1,-1
178,48,865,133,166,89,1,-1,-1,-1
178,50,620,404,234,112,1,-1,-1,-1
179,46,0,327,69,95,1,-1,-1,-1
179,47,1614,300,218,108,1,-1,-1,-1
179,48,836,133,165,89,1,-1,-1,-1
179,50,606,407,234,112,1,-1,-1,-1
180,46,0,331,17,95,1,-1,-1,-1
180,47,1599,290,217,107,1,-1,-1,-1
180,48,807,133,165,89,1,-1,-1,-1
180,50,593,410,234,112,1,-1,-1,-1
181,46,0,332,10,95,1,-1,-1,-1
181,47,1585,279,214,106,1,-1,-1,-1
181,48,778,133,165,89,1,-1,-1,-1
181,50,580,413,234,112,1,-1,-1,-1
182,47,1570,269,212,105,1,-1,-1,-1
182,48,750,133,163,89,1,-1,-1,-1
182,50,567,416,234,112,1,-1,-1,-1
183,47,1556,259,209,103,1,-1,-1,-1
183,48,721,133,163,89,1,-1,-1,-1
183,50,554,419,234,113,1,-1,-1,-1
184,47,1541,249,207,102,1,-1,-1,-1
184,48,692,133,163,89,1,-1,-1,-1
184,50,551,416,234,114,1,-1,-1,-1
185,47,1527,239,205,101,1,-1,-1,-1
185,48,664,133,162,89,1,-1,-1,-1
185,50,548,414,234,114,1,-1,-1,-1
185,75,1704,481,197,140,1,-1,-1,-1
