epoch,train_loss,train_acc,test_r1,test_r5,test_r10,test_mAP,test_mINP
0,7.949783753834804,0.008518352952863458,20.51100581884384,42.6257848739624,54.95283007621765,31.765490615154217,31.765490615154217
1,5.999905813991452,0.05160681468236229,33.514150977134705,61.94182634353638,74.19025301933289,46.83316576057966,46.83316576057966
2,4.686130731109238,0.13803208662395072,42.272013425827026,72.31917977333069,83.20754766464233,55.762956612848626,55.762956612848626
3,3.720442331785216,0.23929618040033776,50.60534477233887,79.30817604064941,88.70282769203186,63.308610650289765,63.308610650289765
4,3.088554699315652,0.33178115531714103,54.44968342781067,83.05031657218933,90.73113203048706,66.88123470830133,66.88123470830133
5,2.6633930375286714,0.4076267819003626,56.21069073677063,84.30031538009644,91.63522124290466,68.37898696198947,68.37898696198947
6,2.3217792585295998,0.47126608056424774,58.341193199157715,85.14150977134705,91.92609786987305,70.13353805087783,70.13353805087783
7,2.125424743723018,0.5154224407688869,60.93553304672241,86.43081784248352,92.54717230796814,72.08999679605336,72.08999679605336
8,1.9232459873448053,0.5572070729647842,62.51572370529175,87.17767000198364,92.83018708229065,73.26521521082437,73.26521521082437
9,1.798135950533009,0.5883996423781851,63.238996267318726,87.98742294311523,93.7814474105835,74.13635319774438,74.13635319774438
10,1.6778194215112605,0.6156186360701336,64.42610025405884,88.5927677154541,94.19811367988586,74.96188454669556,74.96188454669556
11,1.583084413110366,0.6400685441811951,64.09591436386108,88.4355366230011,94.06446814537048,74.77784444519635,74.77784444519635
12,1.49313267654677,0.6585208364376893,67.19339489936829,90.2515709400177,95.33805251121521,77.29777208938282,77.29777208938282
13,1.456863904191172,0.6712114438980777,65.31446576118469,89.1588032245636,94.14308071136475,75.71948440027487,75.71948440027487
14,1.365287504756065,0.694965976257885,67.15408563613892,90.19653797149658,94.92138624191284,77.17801052843622,77.17801052843622
15,1.320770418875466,0.7053221079819202,68.33333373069763,90.79402685165405,95.33019065856934,78.1007318840728,78.1007318840728
16,1.25901988245055,0.7206203745095118,68.92295479774475,90.85691571235657,95.5581784248352,78.49997207811485,78.49997207811485
17,1.2164322297998105,0.7359931455818804,68.9386785030365,91.54087901115417,95.88836431503296,78.75500020131973,78.75500020131973
18,1.1898551883696562,0.7460140068544181,68.85220408439636,91.41509532928467,95.68396210670471,78.55868347744075,78.55868347744075
19,1.1241551892315584,0.7580713256842001,70.86477875709534,91.71383380889893,95.84905505180359,79.90002541279004,79.90002541279004
20,1.0767718206034365,0.7727114687329261,71.04559540748596,92.10692048072815,96.0927665233612,80.26696082297781,80.26696082297781
21,1.0313306339971415,0.7865320617891025,70.9984302520752,91.91823601722717,96.27358317375183,80.2144372271244,80.2144372271244
22,0.9878998607055136,0.7981796056226097,72.4685549736023,92.86163449287415,96.51729464530945,81.34329489779711,81.34329489779711
23,0.9546243853418162,0.8089951820394378,72.09119200706482,92.77516007423401,96.36006355285645,81.03280952665763,81.03280952665763
24,0.9149874991562496,0.821958972830676,73.59277009963989,93.01886558532715,96.4701235294342,82.10052125246098,82.10052125246098
25,0.8834840995108549,0.8312844583519595,73.02672863006592,93.08962225914001,96.65880799293518,81.81109840935574,81.81109840935574
26,0.8707975427268224,0.8369592211791586,72.96383380889893,93.08962225914001,96.63522243499756,81.72189769182646,81.72189769182646
27,0.8135665390285787,0.8527417672478022,74.64622855186462,94.11949515342712,97.31131792068481,83.09794857323575,83.09794857323575
28,0.7715021625708132,0.8644141459295683,74.49685335159302,93.67924332618713,97.10691571235657,82.88778805718803,82.88778805718803
29,0.7724770042927416,0.8690085928574977,75.11005997657776,94.02515888214111,97.24056720733643,83.32063805306458,83.32063805306458
30,0.7151473841190883,0.8809417374459843,76.93396210670471,94.82704401016235,97.53930568695068,84.74738456041368,84.74738456041368
31,0.6852876899885787,0.8920304971936621,75.58962106704712,94.21383738517761,97.33490347862244,83.65499324156089,83.65499324156089
32,0.6588926440331416,0.8979908607758407,77.4371087551117,95.07075548171997,97.6572334766388,85.1024998164239,85.1024998164239
33,0.6467360305826396,0.9056399940396365,77.00471878051758,94.8427677154541,97.68868088722229,84.80736123250509,84.80736123250509
34,0.6160096982010596,0.9132518750310435,78.26257944107056,95.07861733436584,97.68868088722229,85.58172457471119,85.58172457471119
35,0.5931994117704275,0.9192743257338698,78.93868088722229,95.54245471954346,98.05031418800354,86.23578521922254,86.23578521922254
36,0.5587980646312737,0.9273704862663289,78.82075309753418,95.80974578857422,98.13679456710815,86.18442978553689,86.18442978553689
37,0.545114500022992,0.9330079968211394,79.96069192886353,96.1556613445282,98.24685454368591,86.98130342745982,86.98130342745982
38,0.541426008379312,0.938508915710525,80.27516007423401,96.10849022865295,98.23113083839417,87.12363477391025,87.12363477391025
39,0.514183575490166,0.9420727164357026,80.78616261482239,96.1871087551117,98.33333492279053,87.49642101994412,87.49642101994412
40,0.49251713672752667,0.9463567277603934,80.96697926521301,96.51729464530945,98.43553304672241,87.64637541397181,87.64637541397181
41,0.48762636654708447,0.9501564595440322,80.91981410980225,96.33647799491882,98.35692048072815,87.66058091730523,87.66058091730523
42,0.46466051563505845,0.9542542095067799,80.80974817276001,96.1556613445282,98.41194748878479,87.53374283190139,87.53374283190139
43,0.4523015294529515,0.9568991208463716,81.17138147354126,96.54088020324707,98.4984278678894,87.86917599245146,87.86917599245146
44,0.45085983298748905,0.9591839268862067,81.58804774284363,96.61163687705994,98.55346083641052,88.12918704714927,88.12918704714927
45,0.4528524956996635,0.9603511647543833,81.52515888214111,96.59591317176819,98.45125675201416,88.01829732270481,88.01829732270481
46,0.42892311024119906,0.9621889435255551,81.78459405899048,96.72955870628357,98.59277009963989,88.22975091739237,88.22975091739237
47,0.4354055042517426,0.9637162866934883,81.68238997459412,96.73742055892944,98.5613226890564,88.16536630631074,88.16536630631074
48,0.42336107176083104,0.9638280435106541,81.83962106704712,96.68238759040833,98.54559898376465,88.26110526738017,88.26110526738017
49,0.4270900682555589,0.9654671434957532,81.92610144615173,96.72955870628357,98.63993525505066,88.30725802359423,88.30725802359423
50,0.41517346572788344,0.9648835245616649,82.20126032829285,96.70597314834595,98.60848784446716,88.48869578117629,88.48869578117629
51,0.4245448618208024,0.9654671434957532,82.3427677154541,96.74528241157532,98.61634969711304,88.56316939977549,88.56316939977549
52,0.428862630965688,0.9642378185069289,82.13836550712585,96.66666388511658,98.57704639434814,88.47834704641338,88.47834704641338
53,0.4211305391709732,0.9648586897134058,82.16981291770935,96.88678979873657,98.57704639434814,88.47914539874287,88.47914539874287
54,0.43448041419493116,0.9633561813937317,82.05188512802124,96.70597314834595,98.49056601524353,88.41272733966542,88.41272733966542
55,0.44274421295513133,0.962164108677296,82.09119439125061,96.72955870628357,98.60848784446716,88.45178998993592,88.45178998993592
56,0.4423739834720661,0.960736104902399,81.93396329879761,96.76886796951294,98.58490824699402,88.36846336718081,88.36846336718081
57,0.45743819600049723,0.9580291064421597,81.6588044166565,96.63522243499756,98.40408563613892,88.14851781818398,88.14851781818398
58,0.46103888617443894,0.9561044057020811,81.49371147155762,96.41509652137756,98.40408563613892,88.05015948844266,88.05015948844266
59,0.48116674219177036,0.9533104852729349,81.21069073677063,96.4701235294342,98.3726441860199,87.87637293185617,87.87637293185617
