epoch,train_loss,train_acc,test_r1,test_r5,test_r10,test_mAP,test_mINP
0,5.352072011669894,0.24013624751632132,70.69518566131592,83.63636136054993,89.03743028640747,76.81261843154249,76.81261843154249
1,2.0324103475665964,0.6144195288106727,71.71123027801514,85.98930239677429,91.65775179862976,78.27714475111642,78.27714475111642
2,1.1549331127971267,0.7731478853250071,72.99465537071228,86.57754063606262,91.44384860992432,79.27997676867842,79.27997676867842
3,0.7699029938456622,0.848765256883338,74.01069402694702,87.32620477676392,92.9411768913269,80.17690237136453,80.17690237136453
4,0.5675552551630645,0.8892421231904627,74.22459721565247,87.05882430076599,91.97860956192017,80.13403438473169,80.13403438473169
5,0.46148632052199867,0.9103037184217996,74.01069402694702,86.79144382476807,91.39037728309631,79.80218595629658,79.80218595629658
6,0.39809346454508293,0.9222821458983821,73.90374541282654,86.84492111206055,92.08556413650513,79.87611141537786,79.87611141537786
7,0.34072344402274796,0.9366449049105876,72.9411780834198,86.09625697135925,91.65775179862976,79.03673750225516,79.03673750225516
8,0.30240850255396634,0.9443655975021289,74.8128354549408,87.80748844146729,92.03208684921265,80.75329162274753,80.75329162274753
9,0.2718779460192065,0.9524269088844735,74.75935816764832,87.64705657958984,91.4973258972168,80.44446577737651,80.44446577737651
10,0.24920944599580128,0.9575361907465229,73.6898422241211,87.54010796546936,91.92513227462769,79.9772777280091,79.9772777280091
11,0.2466463386454164,0.9590122055066704,74.86631274223328,86.79144382476807,92.13903546333313,80.4118913443624,80.4118913443624
12,0.21422444768937313,0.9653136531365314,73.52941036224365,86.6844892501831,90.90909361839294,79.56543558654462,79.56543558654462
13,0.20865106675017803,0.9675276752767528,74.43850040435791,88.12834024429321,92.5668478012085,80.66688608364605,80.66688608364605
14,0.19087805213438933,0.9726369571388022,73.63636493682861,87.70053386688232,92.19251275062561,79.75378103587506,79.75378103587506
15,0.17825582140113966,0.9739994323020154,73.7433135509491,87.21925020217896,91.65775179862976,80.0890999137373,80.0890999137373
16,0.17219508990556584,0.9769514618223105,74.43850040435791,87.48663067817688,92.45989322662354,80.51543595768533,80.51543595768533
17,0.17160842647834695,0.9766676128299745,75.24064183235168,87.96791434288025,91.71122908592224,81.0243124019197,81.0243124019197
18,0.15955331312503593,0.9809821175134829,74.0641713142395,85.77539920806885,90.3743326663971,79.36116304943172,79.36116304943172
19,0.14415287641327793,0.9829690604598353,74.65240359306335,87.86095976829529,92.08556413650513,80.47473070431901,80.47473070431901
20,0.14212044088078465,0.9845586148169174,75.24064183235168,87.48663067817688,91.4973258972168,80.91616522229359,80.91616522229359
21,0.14130062275131824,0.9846721544138518,74.17112588882446,87.48663067817688,92.40641593933105,80.38581888274466,80.38581888274466
22,0.13763193945518584,0.9859210899801306,75.61497092247009,88.60962390899658,92.35293865203857,81.43574718458315,81.43574718458315
23,0.12504951588697405,0.9880215725234175,74.65240359306335,87.96791434288025,92.5668478012085,80.78028362762653,80.78028362762653
24,0.12058037766087573,0.9893272778881635,75.72192549705505,88.39572072029114,92.19251275062561,81.5180956986435,81.5180956986435
25,0.114840265473215,0.9916548396253193,75.13368725776672,89.19786214828491,93.20855736732483,81.23435026875757,81.23435026875757
26,0.11780726828554493,0.9912574510360488,74.49197769165039,88.5026752948761,92.08556413650513,80.71022395027393,80.71022395027393
27,0.10626649501105111,0.9926766959977292,74.54545497894287,88.12834024429321,91.8181836605072,80.54055253385202,80.54055253385202
28,0.09318317033809388,0.9931308543854669,75.72192549705505,88.8770043849945,92.67379641532898,81.58199761153324,81.58199761153324
29,0.10239396751383777,0.9935850127732047,75.56149959564209,88.66310119628906,92.6203191280365,81.31245540747817,81.31245540747817
30,0.08657174300409805,0.9956854953164916,75.40106773376465,88.98395895957947,92.35293865203857,81.47363938953292,81.47363938953292
31,0.09045649907262766,0.9951177973318195,76.09625458717346,89.09090757369995,93.95722150802612,82.02762668291842,82.02762668291842
32,0.08984067621824587,0.9948339483394834,75.77540278434753,87.96791434288025,92.67379641532898,81.61439078003863,81.61439078003863
33,0.0804674680412171,0.9961396537042293,75.56149959564209,89.19786214828491,93.63636374473572,81.59199902195608,81.59199902195608
34,0.07313906730380276,0.9972182798751065,75.13368725776672,89.19786214828491,92.5668478012085,81.19655835299466,81.19655835299466
35,0.07228312371486363,0.9960828839057622,75.29411911964417,88.60962390899658,92.40641593933105,81.31500286320596,81.31500286320596
36,0.0745050767547124,0.9965370422934998,75.02673864364624,89.6256685256958,93.20855736732483,81.28668877476049,81.28668877476049
37,0.07286012977014845,0.9970479704797048,75.45454502105713,88.66310119628906,92.72727370262146,81.30441995484983,81.30441995484983
38,0.06867397186171084,0.9976724382628441,74.97326135635376,88.82352709770203,93.04812550544739,81.28945232202415,81.28945232202415
39,0.0659187635592429,0.9985239852398524,75.88235139846802,89.19786214828491,93.26203465461731,81.77850582157185,81.77850582157185
40,0.0653990440322295,0.9988078342321884,76.14973187446594,88.93048167228699,93.04812550544739,81.81213001618306,81.81213001618306
41,0.06642390174763195,0.9982969060459835,76.47058963775635,89.03743028640747,92.99465417861938,82.0869285201263,82.0869285201263
42,0.06190600912407857,0.9987510644337213,76.52406692504883,89.46524262428284,92.83422231674194,82.08142085413019,82.08142085413019
43,0.06207711269004149,0.9981265966505819,75.88235139846802,89.73262310028076,93.20855736732483,81.95608092154575,81.95608092154575
44,0.05808546833277358,0.9989781436275901,76.20320916175842,89.35828804969788,93.3689832687378,82.16206500616268,82.16206500616268
45,0.057678408761306005,0.9986375248367868,76.36363506317139,89.3048107624054,92.88769960403442,82.06722003038522,82.06722003038522
46,0.057208971867854376,0.9984672154413852,76.36363506317139,89.19786214828491,92.72727370262146,82.0091509118041,82.0091509118041
47,0.056529539682683774,0.9988646040306557,76.57753825187683,89.6256685256958,92.67379641532898,82.2360147158852,82.2360147158852
48,0.055565815999905156,0.9987510644337213,76.09625458717346,89.35828804969788,92.9411768913269,81.93570893485473,81.93570893485473
49,0.05345971696702655,0.9990349134260573,77.32620239257812,89.35828804969788,93.04812550544739,82.68571775933928,82.68571775933928
