epoch,train_loss,train_acc,test_r1,test_r5,test_r10,test_mAP,test_mINP
0,8.906947543864657,0.0008692196890676998,2.625786140561104,7.617924362421036,11.588050425052643,6.097806169665946,6.097806169665946
1,8.290134351252206,0.0031043560323846422,3.812893107533455,10.314465314149857,16.179245710372925,8.369186308740831,8.369186308740831
2,7.875321957166567,0.004793125714001888,5.2437108010053635,14.787736535072327,22.74371087551117,11.31274092366854,11.31274092366854
3,7.473448556018871,0.008505935528733919,7.853773236274719,19.661949574947357,28.09748351573944,14.869226298997484,14.869226298997484
4,7.0188774525873505,0.014068941538767199,10.28301864862442,25.81760883331299,36.72169744968414,19.087295671807397,19.087295671807397
5,6.596328887357766,0.02252520737098296,13.537736237049103,33.286163210868835,44.74056661128998,23.862571764194207,23.862571764194207
6,6.209164511184605,0.03198728455769135,17.492137849330902,40.015724301338196,53.20754647254944,28.911230898293784,28.911230898293784
7,5.782059986959749,0.04969453136641335,20.416666567325592,45.04716992378235,59.009432792663574,32.59476523340962,32.59476523340962
8,5.424777365178469,0.07166095465156708,24.764150381088257,52.41352319717407,65.91981053352356,38.03581988232415,38.03581988232415
9,5.029916901764414,0.10082948393185318,29.55188751220703,58.089619874954224,71.39937281608582,43.10180537272684,43.10180537272684
10,4.661153789782308,0.13705111011771717,33.687105774879456,63.309746980667114,76.27358436584473,47.38718664600432,47.38718664600432
11,4.303333410378073,0.17708488551134952,39.19811248779297,70.5581784248352,82.35849142074585,53.390228994156175,53.390228994156175
12,3.9509754899017904,0.2234018775145284,41.36006236076355,72.19339609146118,83.5927665233612,55.19183750036386,55.19183750036386
13,3.601736751261384,0.2740152982665276,45.157232880592346,76.0613203048706,86.44654154777527,58.98583339378464,58.98583339378464
14,3.313725815156601,0.32587046143148063,48.01100492477417,78.88364791870117,88.68710398674011,61.67044405930861,61.67044405930861
15,3.0260808720340235,0.3758381761287439,50.809746980667114,80.66037893295288,89.39465284347534,63.986490761694334,63.986490761694334
16,2.7818149089315862,0.421931654497591,52.397799491882324,82.9402506351471,90.98270535469055,65.64980478281433,65.64980478281433
17,2.54535641067697,0.4736874782695078,56.02201223373413,85.07861495018005,92.41352081298828,68.62603272657583,68.62603272657583
18,2.3214723396684955,0.5187254755873442,58.87578725814819,86.91824078559875,93.63207817077637,70.9845263966176,70.9845263966176
19,2.1123896545147165,0.5651045547111707,60.30660271644592,88.15251588821411,94.23742294311523,72.38673025959774,72.38673025959774
20,1.9399171231880465,0.6050265732876372,61.46226525306702,88.14465403556824,94.19025182723999,73.13126283183283,73.13126283183283
21,1.7907211229946007,0.6395470123677545,64.88993763923645,90.60534834861755,95.67610025405884,76.03793535387229,76.03793535387229
22,1.6549623968561793,0.6736080067550787,67.34277009963989,92.02830195426941,96.50943279266357,77.95093624447705,77.95093624447705
23,1.5441769062066488,0.6976605572939949,66.87893271446228,90.98270535469055,95.79402804374695,77.38776227970925,77.38776227970925
24,1.4364917132512578,0.7259101971886952,69.40251588821411,93.08962225914001,96.84748649597168,79.46930204187606,79.46930204187606
25,1.3392598118955177,0.7510430636268812,70.88050246238708,93.57704520225525,97.02044129371643,80.59493758390693,80.59493758390693
26,1.2508235359277158,0.7712462126856405,71.75314426422119,93.63207817077637,97.12263941764832,81.25036180305489,81.25036180305489
27,1.171849908436996,0.7880469875329061,72.75943160057068,94.13521885871887,97.35062718391418,81.9497722725195,81.9497722725195
28,1.084701595526424,0.8091938608255104,73.52201342582703,94.70126032829285,97.66509532928467,82.73792261499388,82.73792261499388
29,1.0158463360945549,0.8277579098991705,73.73427748680115,94.6226418018341,97.44496941566467,82.69299511964597,82.69299511964597
30,0.9815184046695989,0.8380147022301694,75.43238997459412,95.17295360565186,97.86949753761292,83.97656473038508,83.97656473038508
31,0.9161592488470538,0.8516366165002732,76.03773474693298,95.5581784248352,97.94811606407166,84.49516716359705,84.49516716359705
32,0.8760166649360602,0.8630482292753191,75.22798776626587,95.28301954269409,97.90094494819641,83.97543571974319,83.97543571974319
33,0.8360040558436669,0.8717031738936075,77.50785946846008,95.71540951728821,98.13679456710815,85.41774441186035,85.41774441186035
34,0.8014804892501373,0.8806064669944866,77.6257872581482,95.84119319915771,98.19968342781067,85.5033029582103,85.5033029582103
35,0.7626285731973044,0.8908011722048378,78.19182276725769,96.14779949188232,98.34905862808228,85.9719696871876,85.9719696871876
36,0.7242765935257307,0.8990960115233696,79.13522124290466,96.46226167678833,98.51415157318115,86.63139598530385,86.63139598530385
37,0.6929750703032809,0.9069686584214971,79.27672863006592,96.55660390853882,98.47484230995178,86.72599631436933,86.72599631436933
38,0.6690640905625429,0.9131773704862663,79.70911860466003,96.68238759040833,98.58490824699402,87.08876081270014,87.08876081270014
39,0.6386278174954118,0.9180077484726569,79.76415157318115,96.79245352745056,98.49056601524353,87.16728092240487,87.16728092240487
40,0.623542953039645,0.9209010082948393,80.25157451629639,96.72955870628357,98.63207340240479,87.40462649745866,87.40462649745866
41,0.6019260001029793,0.9266999453633338,80.91981410980225,97.06761240959167,98.64779710769653,87.98869277352898,87.98869277352898
42,0.5937910776424176,0.9307107733571748,80.94339370727539,97.18553423881531,98.74213933944702,87.99551021718928,87.99551021718928
43,0.5759054424243684,0.9339020513584662,81.26572370529175,97.25629091262817,98.79717230796814,88.17345529980001,88.17345529980001
44,0.5620540345010581,0.9365593801221874,81.54088258743286,97.18553423881531,98.8757848739624,88.36351318856161,88.36351318856161
45,0.5453301979734829,0.9401107634232355,81.75314664840698,97.26415276527405,98.78144860267639,88.48869645907773,88.48869645907773
46,0.5356913684276925,0.9409799831123031,82.27201104164124,97.36635088920593,98.76572489738464,88.81644083797782,88.81644083797782
47,0.5395310327062094,0.9428301793076044,81.86320662498474,97.26415276527405,98.80503416061401,88.57271324642925,88.57271324642925
48,0.5207827091098619,0.9447300451994238,82.4056625366211,97.42924571037292,98.88364672660828,88.91904478192802,88.91904478192802
49,0.5214326055224094,0.9446307058063875,82.86949396133423,97.57861495018005,98.96226525306702,89.23928243740211,89.23928243740211
50,0.5165863386394429,0.9460835444295436,82.5628936290741,97.53930568695068,98.96226525306702,89.07879021130577,89.07879021130577
51,0.5200433047193295,0.9452515770128644,82.46855139732361,97.53930568695068,98.94654154777527,89.04603186551516,89.04603186551516
52,0.513386619015244,0.9467044156360205,82.6886773109436,97.58647680282593,98.9386796951294,89.15810155170541,89.15810155170541
53,0.510586469597263,0.9459593701882482,82.57861733436584,97.46069312095642,98.86792302131653,89.11937348321688,89.11937348321688
54,0.5173318403574699,0.9454378383748075,82.5314462184906,97.35848903656006,98.8757848739624,89.0213470344171,89.0213470344171
55,0.5145247420912699,0.9458351959469528,82.01257586479187,97.55502939224243,98.86006116867065,88.74622024825204,88.74622024825204
56,0.5202664256966286,0.9448666368648487,82.86163806915283,97.57075309753418,98.97012710571289,89.28535348232853,89.28535348232853
57,0.5201599201188324,0.945748273978046,82.50786066055298,97.39779829978943,98.83647561073303,88.98507447151033,88.98507447151033
58,0.525614521782095,0.9428177618834749,82.75943398475647,97.46069312095642,98.95440340042114,89.18849874103914,89.18849874103914
59,0.5190158309680969,0.943326876272786,82.6886773109436,97.52358198165894,98.9386796951294,89.13205601156109,89.13205601156109
