epoch,train_loss,train_acc,test_r1,test_r5,test_r10,test_mAP,test_mINP
0,8.059524310491945,0.0034023742114935676,10.24371087551117,21.94182425737381,29.70125675201416,17.05206229193548,17.05206229193548
1,6.5272401851518955,0.02262454676401927,19.158804416656494,38.042452931404114,49.19811189174652,28.94758166707771,28.94758166707771
2,5.336613426370497,0.06897879103958675,27.154088020324707,51.902514696121216,65.11792540550232,39.238108310116345,39.238108310116345
3,4.443015827481546,0.1347663040778821,32.32704401016235,60.3144645690918,72.87735939025879,45.37899126128758,45.37899126128758
4,3.781303121715226,0.20781801023195748,35.92767417430878,64.35534358024597,76.96540951728821,49.000283965723064,49.000283965723064
5,3.2892356997233048,0.27844831868077285,39.11163508892059,67.83804893493652,79.23741936683655,52.055931224106445,52.055931224106445
6,2.914961180933031,0.3387349128296826,41.95754826068878,70.88050246238708,81.8160355091095,55.008623167908496,55.008623167908496
7,2.6304097184953465,0.38821834798589383,42.743709683418274,71.27358317375183,82.27987289428711,55.70751558833883,55.70751558833883
8,2.400950983538983,0.4344111657477773,45.267295837402344,74.31603670120239,84.61477756500244,58.26699109302981,58.26699109302981
9,2.2346473128596793,0.4661376843987483,44.66980993747711,74.11949634552002,84.64622497558594,57.831967243333324,57.831967243333324
10,2.075992600712828,0.5025952416430736,47.468551993370056,76.8081784248352,86.38364672660828,60.54616788175549,60.54616788175549
11,1.945388666499788,0.5311553171410123,48.89150857925415,78.1210720539093,87.20911741256714,61.88861566330943,61.88861566330943
12,1.8418478237583724,0.5540406298117518,48.7185537815094,76.81604027748108,85.85692048072815,61.16518606243423,61.16518606243423
13,1.7379176269811294,0.5799557939700989,47.80660271644592,76.53301954269409,86.25786304473877,60.68616274734394,60.68616274734394
14,1.6577388481181252,0.6009039884766304,50.581759214401245,79.55188751220703,88.2468581199646,63.403452276098434,63.403452276098434
15,1.5701353715866195,0.6238513882680177,51.32075548171997,80.51100373268127,88.80503177642822,64.10612011016003,64.10612011016003
16,1.5103070268046925,0.6378954949585258,51.82390213012695,80.47170042991638,89.20597434043884,64.53665210224543,64.53665210224543
17,1.439656454541138,0.6558262554015795,52.85377502441406,81.32075667381287,89.22169804573059,65.24157650135007,65.24157650135007
18,1.3718916726101709,0.6747379923508667,53.30188870429993,81.18710517883301,89.3081784248352,65.72560468185384,65.72560468185384
19,1.3149910395673459,0.6902721899369195,55.66037893295288,83.86792540550232,90.98270535469055,67.86618235130449,67.86618235130449
20,1.2631626156032136,0.703819599662246,55.54245114326477,83.64779949188232,90.73899388313293,67.83631943340684,67.83631943340684
21,1.201472143873943,0.7225574926737197,56.13207817077637,84.48113203048706,91.48585200309753,68.48400664645943,68.48400664645943
22,1.1484998172970706,0.7374832364774251,55.872642993927,83.77358317375183,91.14779829978943,68.0592929905687,68.0592929905687
23,1.1073369850304966,0.7501365916654249,57.366353273391724,84.1509461402893,90.83333611488342,69.03990488707896,69.03990488707896
24,1.0602913429927394,0.7617841354989321,59.11163687705994,86.24213933944702,92.58647561073303,70.91073162590011,70.91073162590011
25,1.0083072915112974,0.7794541300352655,58.569180965423584,85.32232642173767,91.88679456710815,70.30432182195507,70.30432182195507
26,0.9743199309252096,0.7905925594794616,58.17610025405884,85.22012829780579,91.65094494819641,69.85954245678047,69.85954245678047
27,0.9291745720561935,0.8036432722396066,60.503143072128296,86.5644633769989,92.56289601325989,71.86119220555811,71.86119220555811
28,0.8903116300766487,0.8147817016838027,60.72326898574829,87.60220408439636,92.90880560874939,72.32492824514625,72.32492824514625
29,0.8530428169357825,0.8289251477673472,61.210691928863525,87.83018589019775,93.60849261283875,72.84994182574815,72.84994182574815
30,0.817639662671988,0.8387969999503303,62.07547187805176,87.95597553253174,93.23112964630127,73.3472579728627,73.3472579728627
31,0.7830827745389212,0.8499354293945264,62.70440220832825,88.23113441467285,93.50628852844238,73.76782775605065,73.76782775605065
32,0.7489238261927827,0.8615581383797745,62.72798776626587,88.254714012146,93.67138147354126,73.8509809898091,73.8509809898091
33,0.7132022836456674,0.87136790344211,63.71855139732361,89.07232880592346,94.16666626930237,74.70964039128472,74.70964039128472
34,0.6887341244875724,0.8789673670093876,64.27673101425171,89.44182395935059,94.32389736175537,75.21127280053035,75.21127280053035
35,0.6544014602945439,0.889720856305568,64.70125913619995,89.05660510063171,94.26887035369873,75.36593421842419,75.36593421842419
36,0.6302279991595073,0.8975065812347887,65.88050127029419,90.17295837402344,94.72483992576599,76.37540206709097,76.37540206709097
37,0.6106921037571066,0.9021506978592361,65.51886796951294,89.94497060775757,94.6540892124176,76.16647443944919,76.16647443944919
38,0.5798896930170729,0.9127675954899915,67.74371266365051,90.85691571235657,95.09434103965759,77.84308601275102,77.84308601275102
39,0.5643999199513641,0.9156732727363036,67.6886796951294,90.72327017784119,95.1886773109436,77.7331400812125,77.7331400812125
40,0.5377988638563104,0.92303680524512,67.48427748680115,90.71540832519531,95.41666507720947,77.56234976285138,77.56234976285138
41,0.5252638226891692,0.9264888491531317,67.46069192886353,90.82547426223755,95.0314462184906,77.56824533132858,77.56824533132858
42,0.5115319975725213,0.9306362688123976,68.33333373069763,91.05346202850342,95.18081545829773,78.22986165391946,78.22986165391946
43,0.49222625071355947,0.9360005960363582,68.5613214969635,91.11635088920593,95.17295360565186,78.3498696911565,78.3498696911565
44,0.4830310466048769,0.9384468285898773,68.80503296852112,91.50943160057068,95.48742175102234,78.6531438475084,78.6531438475084
45,0.470965492750833,0.9407813043262305,68.86792182922363,91.4072334766388,95.42452692985535,78.67149833102425,78.67149833102425
46,0.4654379969784064,0.9430785277901952,69.17452812194824,91.46226644515991,95.57390213012695,78.88452307406088,78.88452307406088
47,0.4595225622098208,0.9442085133859832,69.48899626731873,91.61163568496704,95.6289291381836,79.14755961544857,79.14755961544857
48,0.45309760124312837,0.9459221179158596,69.53616142272949,91.71383380889893,95.61320543289185,79.18234119865959,79.18234119865959
49,0.4466617427248598,0.9473128694183679,69.6226418018341,91.5959119796753,95.62106728553772,79.21648769078175,79.21648769078175
50,0.44887883985995275,0.9459345353399891,69.29244995117188,91.54874086380005,95.61320543289185,78.96899669723386,78.96899669723386
51,0.4476988792910884,0.9473128694183679,69.13521885871887,91.26572608947754,95.40094137191772,78.81395017288263,78.81395017288263
52,0.4506727115281238,0.9459593701882482,69.52829957008362,91.58018827438354,95.57390213012695,79.14519438642583,79.14519438642583
53,0.4529017657522638,0.9459842050365073,69.59119439125061,91.65880680084229,95.58961987495422,79.22284095743088,79.22284095743088
54,0.4545484855249269,0.9449163065613669,69.55188512802124,91.35220050811768,95.48742175102234,79.11140936668187,79.11140936668187
55,0.45914402519875597,0.945586847464362,69.28459405899048,91.69811606407166,95.62106728553772,79.03560453686993,79.03560453686993
56,0.46877590148807646,0.9432772065762678,70.11006474494934,91.64308309555054,95.66823840141296,79.52864316447153,79.52864316447153
57,0.4820113075384646,0.9398375800923856,69.02515888214111,91.36792421340942,95.58176398277283,78.78186962585276,78.78186962585276
58,0.49732282561326957,0.9373416778423483,68.42767000198364,91.17924571037292,95.16509175300598,78.34374568212311,78.34374568212311
59,0.5062653461878922,0.9355535687676948,68.907231092453,91.2185549736023,95.47169804573059,78.62994703542715,78.62994703542715
